# U_ac_out	U_osc_ref	Pha_ref	U_osc_dut	R_ref	V_DS	V_GS	V_DUT	I_D	FRQ
0.0048985	0.1	0	1	100000	0.5	-2.87	0	0.000109313839	3000
0.004899	0.1	4.5	1	100000	0.5	-2.87	0	0.000109316391	3000
0.004909	0.1	9	1	100000	0.5	-2.87	0	0.000109320584	3000
0.004957	0.1	13.5	1	100000	0.5	-2.87	0	0.000109321681	3000
0.005031	0.1	18	1	100000	0.5	-2.87	0	0.000109319244	3000
0.005111	0.1	22.5	1	100000	0.5	-2.87	0	0.000109318647	3000
0.0051925	0.1	27	1	100000	0.5	-2.87	0	0.000109320852	3000
0.0052765	0.1	31.5	1	100000	0.5	-2.87	0	0.000109320395	3000
0.0053625	0.1	36	1	100000	0.5	-2.87	0	0.00010931983	3000
0.005449	0.1	40.5	1	100000	0.5	-2.87	0	0.000109321569	3000
0.005529	0.1	45	1	100000	0.5	-2.87	0	0.000109317917	3000
0.0056085	0.1	49.5	1	100000	0.5	-2.87	0	0.00010931652	3000
0.005685	0.1	54	1	100000	0.5	-2.87	0	0.000109319928	3000
0.0057605	0.1	58.5	1	100000	0.5	-2.87	0	0.000109318662	3000
0.0058345	0.1	63	1	100000	0.5	-2.87	0	0.000109320969	3000
0.0059055	0.1	67.5	1	100000	0.5	-2.87	0	0.000109326257	3000
0.0059725	0.1	72	1	100000	0.5	-2.87	0	0.000109317096	3000
0.006038	0.1	76.5	1	100000	0.5	-2.87	0	0.000109322105	3000
0.006097	0.1	81	1	100000	0.5	-2.87	0	0.000109321468	3000
0.0061515	0.1	85.5	1	100000	0.5	-2.87	0	0.00010931848	3000
0.0062015	0.1	90	1	100000	0.5	-2.87	0	0.000109319109	3000
0.0062465	0.1	94.5	1	100000	0.5	-2.87	0	0.000109320021	3000
0.006287	0.1	99	1	100000	0.5	-2.87	0	0.00010931767	3000
0.0063235	0.1	103.5	1	100000	0.5	-2.87	0	0.000109326791	3000
0.006355	0.1	108	1	100000	0.5	-2.87	0	0.000109326991	3000
0.006382	0.1	112.5	1	100000	0.5	-2.87	0	0.000109321997	3000
0.0064025	0.1	117	1	100000	0.5	-2.87	0	0.00010932374	3000
0.0064175	0.1	121.5	1	100000	0.5	-2.87	0	0.00010932781	3000
0.0064275	0.1	126	1	100000	0.5	-2.87	0	0.000109321674	3000
0.006432	0.1	130.5	1	100000	0.5	-2.87	0	0.0001093253	3000
0.006431	0.1	135	1	100000	0.5	-2.87	0	0.000109319253	3000
0.006424	0.1	139.5	1	100000	0.5	-2.87	0	0.000109319283	3000
0.0064115	0.1	144	1	100000	0.5	-2.87	0	0.000109318106	3000
0.0063935	0.1	148.5	1	100000	0.5	-2.87	0	0.000109321598	3000
0.0063715	0.1	153	1	100000	0.5	-2.87	0	0.000109319342	3000
0.006343	0.1	157.5	1	100000	0.5	-2.87	0	0.000109319501	3000
0.0063095	0.1	162	1	100000	0.5	-2.87	0	0.000109317777	3000
0.006271	0.1	166.5	1	100000	0.5	-2.87	0	0.0001093172	3000
0.006229	0.1	171	1	100000	0.5	-2.87	0	0.000109321898	3000
0.0061785	0.1	175.5	1	100000	0.5	-2.87	0	0.00010931777	3000
0.0061265	0.1	180	1	100000	0.5	-2.87	0	0.000109320033	3000
0.00607	0.1	184.5	1	100000	0.5	-2.87	0	0.000109318926	3000
0.0060085	0.1	189	1	100000	0.5	-2.87	0	0.000109316437	3000
0.005944	0.1	193.5	1	100000	0.5	-2.87	0	0.00010931835	3000
0.0058755	0.1	198	1	100000	0.5	-2.87	0	0.000109315203	3000
0.0058025	0.1	202.5	1	100000	0.5	-2.87	0	0.000109317789	3000
0.0057295	0.1	207	1	100000	0.5	-2.87	0	0.000109314763	3000
0.0056515	0.1	211.5	1	100000	0.5	-2.87	0	0.000109311201	3000
0.005576	0.1	216	1	100000	0.5	-2.87	0	0.000109312784	3000
0.0054925	0.1	220.5	1	100000	0.5	-2.87	0	0.000109314725	3000
0.005409	0.1	225	1	100000	0.5	-2.87	0	0.000109309147	3000
0.005327	0.1	229.5	1	100000	0.5	-2.87	0	0.00010930806	3000
0.005244	0.1	234	1	100000	0.5	-2.87	0	0.000109304829	3000
0.0051605	0.1	238.5	1	100000	0.5	-2.87	0	0.000109303597	3000
0.005075	0.1	243	1	100000	0.5	-2.87	0	0.00010930314	3000
0.004989	0.1	247.5	1	100000	0.5	-2.87	0	0.000109306793	3000
0.0049115	0.1	252	1	100000	0.5	-2.87	0	0.000109304844	3000
0.0048345	0.1	256.5	1	100000	0.5	-2.87	0	0.000109305197	3000
0.0047605	0.1	261	1	100000	0.5	-2.87	0	0.000109307754	3000
0.004689	0.1	265.5	1	100000	0.5	-2.87	0	0.00010930459	3000
0.0046205	0.1	270	1	100000	0.5	-2.87	0	0.000109309431	3000
0.004559	0.1	274.5	1	100000	0.5	-2.87	0	0.000109308431	3000
0.004503	0.1	279	1	100000	0.5	-2.87	0	0.000109307547	3000
0.0044525	0.1	283.5	1	100000	0.5	-2.87	0	0.000109309206	3000
0.0044085	0.1	288	1	100000	0.5	-2.87	0	0.000109304618	3000
0.00437	0.1	292.5	1	100000	0.5	-2.87	0	0.000109306228	3000
0.0043405	0.1	297	1	100000	0.5	-2.87	0	0.000109307566	3000
0.0043175	0.1	301.5	1	100000	0.5	-2.87	0	0.000109303547	3000
0.0043035	0.1	306	1	100000	0.5	-2.87	0	0.000109308487	3000
0.004297	0.1	310.5	1	100000	0.5	-2.87	0	0.000109309575	3000
0.0042985	0.1	315	1	100000	0.5	-2.87	0	0.000109306945	3000
0.004309	0.1	319.5	1	100000	0.5	-2.87	0	0.000109307461	3000
0.004328	0.1	324	1	100000	0.5	-2.87	0	0.000109307275	3000
0.004354	0.1	328.5	1	100000	0.5	-2.87	0	0.000109311277	3000
0.004387	0.1	333	1	100000	0.5	-2.87	0	0.000109308781	3000
0.004428	0.1	337.5	1	100000	0.5	-2.87	0	0.000109307537	3000
0.004476	0.1	342	1	100000	0.5	-2.87	0	0.000109308426	3000
0.00453	0.1	346.5	1	100000	0.5	-2.87	0	0.000109311005	3000
0.0045885	0.1	351	1	100000	0.5	-2.87	0	0.000109312762	3000
0.0046535	0.1	355.5	1	100000	0.5	-2.87	0	0.000109308729	3000
0.004723	0.1	360	1	100000	0.5	-2.87	0	0.00010931303	3000

