# U_ac_out	U_osc_ref	Pha_ref	U_osc_dut	R_ref	V_DS	V_GS	V_DUT	I_D	FRQ
0.000278	0	294.4125	1	100000	0.5	-2.87	0	0.000109290727	750
0.0002788	0.00065625	294.4125	1	100000	0.5	-2.87	0	0.000109290891	750
0.0002782	0.0013125	294.4125	1	100000	0.5	-2.87	0	0.000109292018	750
0.0002756	0.00196875	294.4125	1	100000	0.5	-2.87	0	0.000109290176	750
0.0002676	0.002625	294.4125	1	100000	0.5	-2.87	0	0.000109288691	750
0.000251	0.00328125	294.4125	1	100000	0.5	-2.87	0	0.000109289573	750
0.000225	0.0039375	294.4125	1	100000	0.5	-2.87	0	0.000109288752	750
0.0001948	0.00459375	294.4125	1	100000	0.5	-2.87	0	0.000109290485	750
0.0001636	0.00525	294.4125	1	100000	0.5	-2.87	0	0.000109288439	750
0.0001328	0.00590625	294.4125	1	100000	0.5	-2.87	0	0.000109291721	750
0.0001068	0.0065625	294.4125	1	100000	0.5	-2.87	0	0.00010929352	750
8.84e-05	0.00721875	294.4125	1	100000	0.5	-2.87	0	0.000109291239	750
8.22e-05	0.007875	294.4125	1	100000	0.5	-2.87	0	0.000109295188	750
9.12e-05	0.00853125	294.4125	1	100000	0.5	-2.87	0	0.000109293719	750
0.0001116	0.0091875	294.4125	1	100000	0.5	-2.87	0	0.000109293222	750
0.0001386	0.00984375	294.4125	1	100000	0.5	-2.87	0	0.000109291859	750
0.0001692	0.0105	294.4125	1	100000	0.5	-2.87	0	0.000109290677	750
0.000202	0.01115625	294.4125	1	100000	0.5	-2.87	0	0.000109292188	750
0.0002362	0.0118125	294.4125	1	100000	0.5	-2.87	0	0.000109288414	750
0.0002718	0.01246875	294.4125	1	100000	0.5	-2.87	0	0.000109290555	750
0.0003116	0.013125	294.4125	1	100000	0.5	-2.87	0	0.000109290664	750
0.000348	0.01378125	294.4125	1	100000	0.5	-2.87	0	0.000109287231	750
0.0003832	0.0144375	294.4125	1	100000	0.5	-2.87	0	0.000109286484	750
0.0004184	0.01509375	294.4125	1	100000	0.5	-2.87	0	0.000109286472	750
0.0004542	0.01575	294.4125	1	100000	0.5	-2.87	0	0.000109286527	750
0.0004888	0.01640625	294.4125	1	100000	0.5	-2.87	0	0.00010928701	750
0.000525	0.0170625	294.4125	1	100000	0.5	-2.87	0	0.00010928545	750
0.000561	0.01771875	294.4125	1	100000	0.5	-2.87	0	0.000109285563	750
0.000598	0.018375	294.4125	1	100000	0.5	-2.87	0	0.000109287005	750
0.000635	0.01903125	294.4125	1	100000	0.5	-2.87	0	0.000109288142	750
0.0006714	0.0196875	294.4125	1	100000	0.5	-2.87	0	0.000109288273	750
0.0007074	0.02034375	294.4125	1	100000	0.5	-2.87	0	0.000109286887	750
0.0007436	0.021	294.4125	1	100000	0.5	-2.87	0	0.000109286872	750
0.0007792	0.02165625	294.4125	1	100000	0.5	-2.87	0	0.000109288231	750
0.0008156	0.0223125	294.4125	1	100000	0.5	-2.87	0	0.00010928824	750
0.000852	0.02296875	294.4125	1	100000	0.5	-2.87	0	0.000109287646	750
0.0008892	0.023625	294.4125	1	100000	0.5	-2.87	0	0.000109287672	750
0.000927	0.02428125	294.4125	1	100000	0.5	-2.87	0	0.00010928628	750
0.0009638	0.0249375	294.4125	1	100000	0.5	-2.87	0	0.000109288096	750
0.0009996	0.02559375	294.4125	1	100000	0.5	-2.87	0	0.000109286527	750
0.0010358	0.02625	294.4125	1	100000	0.5	-2.87	0	0.00010928534	750
0.0010724	0.02690625	294.4125	1	100000	0.5	-2.87	0	0.000109284766	750
0.00111	0.0275625	294.4125	1	100000	0.5	-2.87	0	0.000109289371	750
0.0011464	0.02821875	294.4125	1	100000	0.5	-2.87	0	0.0001092854	750
0.0011834	0.028875	294.4125	1	100000	0.5	-2.87	0	0.00010928473	750
0.0012206	0.02953125	294.4125	1	100000	0.5	-2.87	0	0.000109286892	750
0.0012582	0.0301875	294.4125	1	100000	0.5	-2.87	0	0.000109284391	750
0.0012936	0.03084375	294.4125	1	100000	0.5	-2.87	0	0.000109280536	750
0.0013294	0.0315	294.4125	1	100000	0.5	-2.87	0	0.000109281517	750
0.001365	0.03215625	294.4125	1	100000	0.5	-2.87	0	0.000109281583	750
0.0014004	0.0328125	294.4125	1	100000	0.5	-2.87	0	0.00010928287	750
0.0014372	0.03346875	294.4125	1	100000	0.5	-2.87	0	0.000109282795	750
0.0014742	0.034125	294.4125	1	100000	0.5	-2.87	0	0.000109278553	750
0.0015118	0.03478125	294.4125	1	100000	0.5	-2.87	0	0.000109278786	750
0.0015488	0.0354375	294.4125	1	100000	0.5	-2.87	0	0.000109280575	750
0.0015862	0.03609375	294.4125	1	100000	0.5	-2.87	0	0.000109282094	750
0.0016226	0.03675	294.4125	1	100000	0.5	-2.87	0	0.000109282749	750
0.0016586	0.03740625	294.4125	1	100000	0.5	-2.87	0	0.000109280834	750
0.0016944	0.0380625	294.4125	1	100000	0.5	-2.87	0	0.000109280281	750
0.0017316	0.03871875	294.4125	1	100000	0.5	-2.87	0	0.000109280225	750
0.0017686	0.039375	294.4125	1	100000	0.5	-2.87	0	0.000109278283	750
0.001806	0.04003125	294.4125	1	100000	0.5	-2.87	0	0.000109279527	750
0.001843	0.0406875	294.4125	1	100000	0.5	-2.87	0	0.000109277209	750
0.0018802	0.04134375	294.4125	1	100000	0.5	-2.87	0	0.000109278336	750
0.001917	0.042	294.4125	1	100000	0.5	-2.87	0	0.000109280296	750
0.001953	0.04265625	294.4125	1	100000	0.5	-2.87	0	0.000109280039	750
0.0019888	0.0433125	294.4125	1	100000	0.5	-2.87	0	0.000109279997	750
0.002026	0.04396875	294.4125	1	100000	0.5	-2.87	0	0.000109280034	750
0.002063	0.044625	294.4125	1	100000	0.5	-2.87	0	0.000109279557	750
0.002101	0.04528125	294.4125	1	100000	0.5	-2.87	0	0.000109278757	750
0.0021378	0.0459375	294.4125	1	100000	0.5	-2.87	0	0.000109280564	750
0.0021746	0.04659375	294.4125	1	100000	0.5	-2.87	0	0.000109280778	750
0.002211	0.04725	294.4125	1	100000	0.5	-2.87	0	0.00010928086	750
0.0022468	0.04790625	294.4125	1	100000	0.5	-2.87	0	0.000109280699	750
0.0022822	0.0485625	294.4125	1	100000	0.5	-2.87	0	0.000109283058	750
0.0023188	0.04921875	294.4125	1	100000	0.5	-2.87	0	0.000109279681	750
0.0023552	0.049875	294.4125	1	100000	0.5	-2.87	0	0.00010928047	750
0.0023926	0.05053125	294.4125	1	100000	0.5	-2.87	0	0.000109282168	750
0.0024298	0.0511875	294.4125	1	100000	0.5	-2.87	0	0.000109284147	750
0.002468	0.05184375	294.4125	1	100000	0.5	-2.87	0	0.000109286133	750
0.0025056	0.0525	294.4125	1	100000	0.5	-2.87	0	0.000109282321	750

