# U_ac_out	U_osc_ref	Pha_ref	U_osc_dut	R_ref	V_DS	V_GS	V_DUT	I_D	FRQ
0.0002257	0.00925	290.0575	1	100000	0.5	-2.87	0	0.00010928089	2000
0.0002272	0.009375	290.0575	1	100000	0.5	-2.87	0	0.000109280848	2000
0.0002266	0.0095	290.0575	1	100000	0.5	-2.87	0	0.000109287625	2000
0.0002242	0.009625	290.0575	1	100000	0.5	-2.87	0	0.00010928004	2000
0.0002193	0.00975	290.0575	1	100000	0.5	-2.87	0	0.000109286274	2000
0.0002128	0.009875	290.0575	1	100000	0.5	-2.87	0	0.000109275876	2000
0.0002059	0.01	290.0575	1	100000	0.5	-2.87	0	0.000109280073	2000
0.0001991	0.010125	290.0575	1	100000	0.5	-2.87	0	0.000109276296	2000
0.000192	0.01025	290.0575	1	100000	0.5	-2.87	0	0.000109278258	2000
0.0001849	0.010375	290.0575	1	100000	0.5	-2.87	0	0.0001092842	2000
0.0001759	0.0105	290.0575	1	100000	0.5	-2.87	0	0.000109282411	2000
0.0001691	0.010625	290.0575	1	100000	0.5	-2.87	0	0.00010927768	2000
0.0001634	0.01075	290.0575	1	100000	0.5	-2.87	0	0.000109282632	2000
0.0001572	0.010875	290.0575	1	100000	0.5	-2.87	0	0.0001092859	2000
0.0001493	0.011	290.0575	1	100000	0.5	-2.87	0	0.000109286641	2000
0.0001415	0.011125	290.0575	1	100000	0.5	-2.87	0	0.0001092861	2000
0.0001358	0.01125	290.0575	1	100000	0.5	-2.87	0	0.000109286221	2000
0.0001301	0.011375	290.0575	1	100000	0.5	-2.87	0	0.000109282551	2000
0.0001233	0.0115	290.0575	1	100000	0.5	-2.87	0	0.000109284007	2000
0.0001165	0.011625	290.0575	1	100000	0.5	-2.87	0	0.000109282219	2000
0.0001097	0.01175	290.0575	1	100000	0.5	-2.87	0	0.000109284112	2000
0.0001024	0.011875	290.0575	1	100000	0.5	-2.87	0	0.000109281621	2000
9.57e-05	0.012	290.0575	1	100000	0.5	-2.87	0	0.000109284092	2000
8.91e-05	0.012125	290.0575	1	100000	0.5	-2.87	0	0.000109283769	2000
8.22e-05	0.01225	290.0575	1	100000	0.5	-2.87	0	0.000109283229	2000
7.46e-05	0.012375	290.0575	1	100000	0.5	-2.87	0	0.000109282185	2000
6.75e-05	0.0125	290.0575	1	100000	0.5	-2.87	0	0.0001092833	2000
6.11e-05	0.012625	290.0575	1	100000	0.5	-2.87	0	0.000109283405	2000
5.42e-05	0.01275	290.0575	1	100000	0.5	-2.87	0	0.000109282323	2000
4.68e-05	0.012875	290.0575	1	100000	0.5	-2.87	0	0.000109280958	2000
3.37e-05	0.013	290.0575	1	100000	0.5	-2.87	0	0.000109279796	2000
2.56e-05	0.013125	290.0575	1	100000	0.5	-2.87	0	0.000109278003	2000
2.16e-05	0.01325	290.0575	1	100000	0.5	-2.87	0	0.000109280758	2000
1.91e-05	0.013375	290.0575	1	100000	0.5	-2.87	0	0.000109276747	2000
1.38e-05	0.0135	290.0575	1	100000	0.5	-2.87	0	0.000109276397	2000
7.2e-06	0.013625	290.0575	1	100000	0.5	-2.87	0	0.000109282996	2000
4.5e-06	0.01375	290.0575	1	100000	0.5	-2.87	0	0.00010928061	2000
8.5e-06	0.013875	290.0575	1	100000	0.5	-2.87	0	0.000109282241	2000
1.53e-05	0.014	290.0575	1	100000	0.5	-2.87	0	0.000109282413	2000
2.19e-05	0.014125	290.0575	1	100000	0.5	-2.87	0	0.000109280808	2000
2.83e-05	0.01425	290.0575	1	100000	0.5	-2.87	0	0.00010928543	2000
3.54e-05	0.014375	290.0575	1	100000	0.5	-2.87	0	0.000109287475	2000
4.2e-05	0.0145	290.0575	1	100000	0.5	-2.87	0	0.000109287695	2000
4.84e-05	0.014625	290.0575	1	100000	0.5	-2.87	0	0.000109286487	2000
5.59e-05	0.01475	290.0575	1	100000	0.5	-2.87	0	0.000109284901	2000
6.49e-05	0.014875	290.0575	1	100000	0.5	-2.87	0	0.000109287278	2000
7.5e-05	0.015	290.0575	1	100000	0.5	-2.87	0	0.000109287596	2000
8.31e-05	0.015125	290.0575	1	100000	0.5	-2.87	0	0.000109288534	2000
8.97e-05	0.01525	290.0575	1	100000	0.5	-2.87	0	0.000109289832	2000
9.61e-05	0.015375	290.0575	1	100000	0.5	-2.87	0	0.000109287682	2000
0.000103	0.0155	290.0575	1	100000	0.5	-2.87	0	0.00010928859	2000
0.0001098	0.015625	290.0575	1	100000	0.5	-2.87	0	0.000109286114	2000
0.000117	0.01575	290.0575	1	100000	0.5	-2.87	0	0.000109288923	2000
0.0001238	0.015875	290.0575	1	100000	0.5	-2.87	0	0.000109288611	2000
0.0001308	0.016	290.0575	1	100000	0.5	-2.87	0	0.000109287805	2000
0.0001389	0.016125	290.0575	1	100000	0.5	-2.87	0	0.000109288452	2000
0.0001462	0.01625	290.0575	1	100000	0.5	-2.87	0	0.000109286349	2000
0.0001525	0.016375	290.0575	1	100000	0.5	-2.87	0	0.00010928694	2000
0.0001587	0.0165	290.0575	1	100000	0.5	-2.87	0	0.000109287657	2000
0.0001653	0.016625	290.0575	1	100000	0.5	-2.87	0	0.00010928814	2000
0.0001719	0.01675	290.0575	1	100000	0.5	-2.87	0	0.000109288296	2000
0.0001787	0.016875	290.0575	1	100000	0.5	-2.87	0	0.000109287469	2000
0.0001857	0.017	290.0575	1	100000	0.5	-2.87	0	0.000109289776	2000
0.0001929	0.017125	290.0575	1	100000	0.5	-2.87	0	0.000109289372	2000
0.0002003	0.01725	290.0575	1	100000	0.5	-2.87	0	0.000109292295	2000
0.0002076	0.017375	290.0575	1	100000	0.5	-2.87	0	0.000109292265	2000
0.0002144	0.0175	290.0575	1	100000	0.5	-2.87	0	0.000109290656	2000
0.0002213	0.017625	290.0575	1	100000	0.5	-2.87	0	0.000109290653	2000
0.0002275	0.01775	290.0575	1	100000	0.5	-2.87	0	0.000109294093	2000
0.0002345	0.017875	290.0575	1	100000	0.5	-2.87	0	0.000109292771	2000
0.0002414	0.018	290.0575	1	100000	0.5	-2.87	0	0.000109291459	2000
0.0002484	0.018125	290.0575	1	100000	0.5	-2.87	0	0.000109292283	2000
0.0002553	0.01825	290.0575	1	100000	0.5	-2.87	0	0.000109289233	2000
0.000262	0.018375	290.0575	1	100000	0.5	-2.87	0	0.000109283645	2000
0.0002691	0.0185	290.0575	1	100000	0.5	-2.87	0	0.000109287939	2000
0.0002761	0.018625	290.0575	1	100000	0.5	-2.87	0	0.000109287186	2000
0.0002827	0.01875	290.0575	1	100000	0.5	-2.87	0	0.000109284827	2000
0.0002896	0.018875	290.0575	1	100000	0.5	-2.87	0	0.000109287434	2000
0.0002965	0.019	290.0575	1	100000	0.5	-2.87	0	0.000109288376	2000
0.0003033	0.019125	290.0575	1	100000	0.5	-2.87	0	0.000109285296	2000
0.00031	0.01925	290.0575	1	100000	0.5	-2.87	0	0.000109288049	2000

