# U_ac_out	U_osc_ref	Pha_ref	U_osc_dut	R_ref	V_DS	V_GS	V_DUT	I_D	FRQ
1.536e-05	0.01306	290.52	1	100000	0.5	-2.87	0	0.000108864234	200
1.551e-05	0.01307	290.52	1	100000	0.5	-2.87	0	0.000108860579	200
1.577e-05	0.01308	290.52	1	100000	0.5	-2.87	0	0.000108862608	200
1.574e-05	0.01309	290.52	1	100000	0.5	-2.87	0	0.000108858717	200
1.568e-05	0.0131	290.52	1	100000	0.5	-2.87	0	0.000108860221	200
1.574e-05	0.01311	290.52	1	100000	0.5	-2.87	0	0.000108860218	200
1.594e-05	0.01312	290.52	1	100000	0.5	-2.87	0	0.000108870149	200
1.586e-05	0.01313	290.52	1	100000	0.5	-2.87	0	0.000108861718	200
1.465e-05	0.01314	290.52	1	100000	0.5	-2.87	0	0.000108865626	200
1.061e-05	0.01315	290.52	1	100000	0.5	-2.87	0	0.000108866533	200
8.51e-06	0.01316	290.52	1	100000	0.5	-2.87	0	0.000108869269	200
8.48e-06	0.01317	290.52	1	100000	0.5	-2.87	0	0.000108865789	200
8.88e-06	0.01318	290.52	1	100000	0.5	-2.87	0	0.000108868649	200
8.89e-06	0.01319	290.52	1	100000	0.5	-2.87	0	0.000108863517	200
8.75e-06	0.0132	290.52	1	100000	0.5	-2.87	0	0.000108861289	200
8.38e-06	0.01321	290.52	1	100000	0.5	-2.87	0	0.000108858323	200
8.3e-06	0.01322	290.52	1	100000	0.5	-2.87	0	0.000108861306	200
8.61e-06	0.01323	290.52	1	100000	0.5	-2.87	0	0.000108866317	200
8.71e-06	0.01324	290.52	1	100000	0.5	-2.87	0	0.000108861995	200
8.52e-06	0.01325	290.52	1	100000	0.5	-2.87	0	0.000108864952	200
7.36e-06	0.01326	290.52	1	100000	0.5	-2.87	0	0.000108861386	200
3.79e-06	0.01327	290.52	1	100000	0.5	-2.87	0	0.000108858235	200
2.01e-06	0.01328	290.52	1	100000	0.5	-2.87	0	0.000108857264	200
2.2e-06	0.01329	290.52	1	100000	0.5	-2.87	0	0.000108859709	200
2.02e-06	0.0133	290.52	1	100000	0.5	-2.87	0	0.000108857856	200
2.14e-06	0.01331	290.52	1	100000	0.5	-2.87	0	0.000108858154	200
2.18e-06	0.01332	290.52	1	100000	0.5	-2.87	0	0.00010886001	200
1.98e-06	0.01333	290.52	1	100000	0.5	-2.87	0	0.000108857534	200
1.9e-06	0.01334	290.52	1	100000	0.5	-2.87	0	0.000108857041	200
2e-06	0.01335	290.52	1	100000	0.5	-2.87	0	0.000108857487	200
1.96e-06	0.01336	290.52	1	100000	0.5	-2.87	0	0.000108857251	200
2.17e-06	0.01337	290.52	1	100000	0.5	-2.87	0	0.000108856529	200
2.02e-06	0.01338	290.52	1	100000	0.5	-2.87	0	0.000108856357	200
7.3e-07	0.01339	290.52	1	100000	0.5	-2.87	0	0.000108856704	200
3.61e-06	0.0134	290.52	1	100000	0.5	-2.87	0	0.000108856666	200
5.4e-06	0.01341	290.52	1	100000	0.5	-2.87	0	0.000108858046	200
5.14e-06	0.01342	290.52	1	100000	0.5	-2.87	0	0.000108858813	200
5e-06	0.01343	290.52	1	100000	0.5	-2.87	0	0.000108857637	200
4.93e-06	0.01344	290.52	1	100000	0.5	-2.87	0	0.000108857593	200
4.95e-06	0.01345	290.52	1	100000	0.5	-2.87	0	0.000108856475	200
5.11e-06	0.01346	290.52	1	100000	0.5	-2.87	0	0.000108856852	200
5.34e-06	0.01347	290.52	1	100000	0.5	-2.87	0	0.000108863846	200
5.38e-06	0.01348	290.52	1	100000	0.5	-2.87	0	0.000108859423	200
5.22e-06	0.01349	290.52	1	100000	0.5	-2.87	0	0.000108857366	200
5.01e-06	0.0135	290.52	1	100000	0.5	-2.87	0	0.000108859832	200
6.19e-06	0.01351	290.52	1	100000	0.5	-2.87	0	0.000108865373	200
9.77e-06	0.01352	290.52	1	100000	0.5	-2.87	0	0.000108860045	200
1.177e-05	0.01353	290.52	1	100000	0.5	-2.87	0	0.000108861514	200
1.212e-05	0.01354	290.52	1	100000	0.5	-2.87	0	0.000108858482	200
1.196e-05	0.01355	290.52	1	100000	0.5	-2.87	0	0.000108859012	200
1.175e-05	0.01356	290.52	1	100000	0.5	-2.87	0	0.000108858041	200
1.201e-05	0.01357	290.52	1	100000	0.5	-2.87	0	0.000108857609	200
1.19e-05	0.01358	290.52	1	100000	0.5	-2.87	0	0.000108860003	200
1.148e-05	0.01359	290.52	1	100000	0.5	-2.87	0	0.000108869187	200
1.198e-05	0.0136	290.52	1	100000	0.5	-2.87	0	0.000108858048	200
1.183e-05	0.01361	290.52	1	100000	0.5	-2.87	0	0.000108858202	200
1.168e-05	0.01362	290.52	1	100000	0.5	-2.87	0	0.000108858486	200
1.172e-05	0.01363	290.52	1	100000	0.5	-2.87	0	0.000108858959	200
1.274e-05	0.01364	290.52	1	100000	0.5	-2.87	0	0.000108858293	200
1.694e-05	0.01365	290.52	1	100000	0.5	-2.87	0	0.000108857946	200
1.909e-05	0.01366	290.52	1	100000	0.5	-2.87	0	0.000108856588	200
1.883e-05	0.01367	290.52	1	100000	0.5	-2.87	0	0.000108856257	200
1.861e-05	0.01368	290.52	1	100000	0.5	-2.87	0	0.000108860625	200
1.849e-05	0.01369	290.52	1	100000	0.5	-2.87	0	0.00010885812	200
1.866e-05	0.0137	290.52	1	100000	0.5	-2.87	0	0.000108857623	200
1.867e-05	0.01371	290.52	1	100000	0.5	-2.87	0	0.000108855439	200
1.881e-05	0.01372	290.52	1	100000	0.5	-2.87	0	0.000108856958	200
1.868e-05	0.01373	290.52	1	100000	0.5	-2.87	0	0.000108854604	200
1.902e-05	0.01374	290.52	1	100000	0.5	-2.87	0	0.000108859192	200
1.919e-05	0.01375	290.52	1	100000	0.5	-2.87	0	0.000108857396	200
2.012e-05	0.01376	290.52	1	100000	0.5	-2.87	0	0.000108856731	200
2.363e-05	0.01377	290.52	1	100000	0.5	-2.87	0	0.000108860319	200
2.564e-05	0.01378	290.52	1	100000	0.5	-2.87	0	0.00010885694	200
2.595e-05	0.01379	290.52	1	100000	0.5	-2.87	0	0.000108859191	200
2.595e-05	0.0138	290.52	1	100000	0.5	-2.87	0	0.000108862557	200
2.603e-05	0.01381	290.52	1	100000	0.5	-2.87	0	0.000108857691	200
2.612e-05	0.01382	290.52	1	100000	0.5	-2.87	0	0.000108856197	200
2.605e-05	0.01383	290.52	1	100000	0.5	-2.87	0	0.00010885955	200
2.607e-05	0.01384	290.52	1	100000	0.5	-2.87	0	0.000108862734	200
2.621e-05	0.01385	290.52	1	100000	0.5	-2.87	0	0.000108861866	200
2.597e-05	0.01386	290.52	1	100000	0.5	-2.87	0	0.000108860283	200
2.578e-05	0.01387	290.52	1	100000	0.5	-2.87	0	0.000108860892	200
2.601e-05	0.01388	290.52	1	100000	0.5	-2.87	0	0.000108868298	200
2.653e-05	0.01389	290.52	1	100000	0.5	-2.87	0	0.000108863245	200
3.056e-05	0.0139	290.52	1	100000	0.5	-2.87	0	0.000108861313	200
3.267e-05	0.01391	290.52	1	100000	0.5	-2.87	0	0.000108864493	200
3.265e-05	0.01392	290.52	1	100000	0.5	-2.87	0	0.000108859446	200
3.288e-05	0.01393	290.52	1	100000	0.5	-2.87	0	0.00010885997	200
3.291e-05	0.01394	290.52	1	100000	0.5	-2.87	0	0.000108866877	200
3.307e-05	0.01395	290.52	1	100000	0.5	-2.87	0	0.000108860393	200
3.298e-05	0.01396	290.52	1	100000	0.5	-2.87	0	0.000108858553	200
3.257e-05	0.01397	290.52	1	100000	0.5	-2.87	0	0.000108861625	200
3.238e-05	0.01398	290.52	1	100000	0.5	-2.87	0	0.000108863019	200
3.216e-05	0.01399	290.52	1	100000	0.5	-2.87	0	0.000108859838	200
3.259e-05	0.014	290.52	1	100000	0.5	-2.87	0	0.000108860901	200
3.451e-05	0.01401	290.52	1	100000	0.5	-2.87	0	0.000108861668	200
3.847e-05	0.01402	290.52	1	100000	0.5	-2.87	0	0.000108864784	200
3.946e-05	0.01403	290.52	1	100000	0.5	-2.87	0	0.000108863614	200
3.933e-05	0.01404	290.52	1	100000	0.5	-2.87	0	0.000108865635	200
3.962e-05	0.01405	290.52	1	100000	0.5	-2.87	0	0.000108863089	200
3.98e-05	0.01406	290.52	1	100000	0.5	-2.87	0	0.000108863157	200

