# U_ac_out	U_osc_ref	Pha_ref	U_osc_dut	R_ref	V_DS	V_GS	V_DUT	I_D	FRQ
5.92e-06	0.0093125	284.4375	1	100000	0.5	-2.87	0	0.000108999755	1380
5.84e-06	0.009325	284.4375	1	100000	0.5	-2.87	0	0.00010899936	1380
5.9e-06	0.0093375	284.4375	1	100000	0.5	-2.87	0	0.000109002352	1380
5.98e-06	0.00935	284.4375	1	100000	0.5	-2.87	0	0.000109002097	1380
6.11e-06	0.0093625	284.4375	1	100000	0.5	-2.87	0	0.000108999952	1380
6.24e-06	0.009375	284.4375	1	100000	0.5	-2.87	0	0.000109002585	1380
6.31e-06	0.0093875	284.4375	1	100000	0.5	-2.87	0	0.000108999616	1380
6.34e-06	0.0094	284.4375	1	100000	0.5	-2.87	0	0.00010900235	1380
6.64e-06	0.0094125	284.4375	1	100000	0.5	-2.87	0	0.000108999659	1380
7.55e-06	0.009425	284.4375	1	100000	0.5	-2.87	0	0.000109002364	1380
9.15e-06	0.0094375	284.4375	1	100000	0.5	-2.87	0	0.000109000443	1380
1.092e-05	0.00945	284.4375	1	100000	0.5	-2.87	0	0.000109001977	1380
1.221e-05	0.0094625	284.4375	1	100000	0.5	-2.87	0	0.000109001069	1380
1.273e-05	0.009475	284.4375	1	100000	0.5	-2.87	0	0.000109001626	1380
1.277e-05	0.0094875	284.4375	1	100000	0.5	-2.87	0	0.000109001479	1380
1.268e-05	0.0095	284.4375	1	100000	0.5	-2.87	0	0.000109002388	1380
1.269e-05	0.0095125	284.4375	1	100000	0.5	-2.87	0	0.000109001832	1380
1.286e-05	0.009525	284.4375	1	100000	0.5	-2.87	0	0.000109001448	1380
1.332e-05	0.0095375	284.4375	1	100000	0.5	-2.87	0	0.00010900139	1380
1.43e-05	0.00955	284.4375	1	100000	0.5	-2.87	0	0.000109003285	1380
1.584e-05	0.0095625	284.4375	1	100000	0.5	-2.87	0	0.000109001717	1380
1.747e-05	0.009575	284.4375	1	100000	0.5	-2.87	0	0.000109001676	1380
1.862e-05	0.0095875	284.4375	1	100000	0.5	-2.87	0	0.000109003689	1380
1.911e-05	0.0096	284.4375	1	100000	0.5	-2.87	0	0.000109003785	1380
1.92e-05	0.0096125	284.4375	1	100000	0.5	-2.87	0	0.000109001755	1380
1.922e-05	0.009625	284.4375	1	100000	0.5	-2.87	0	0.000109001002	1380
1.927e-05	0.0096375	284.4375	1	100000	0.5	-2.87	0	0.000109002388	1380
1.939e-05	0.00965	284.4375	1	100000	0.5	-2.87	0	0.000109003286	1380
1.981e-05	0.0096625	284.4375	1	100000	0.5	-2.87	0	0.000109001832	1380
2.084e-05	0.009675	284.4375	1	100000	0.5	-2.87	0	0.00010900506	1380
2.253e-05	0.0096875	284.4375	1	100000	0.5	-2.87	0	0.000109004442	1380
2.442e-05	0.0097	284.4375	1	100000	0.5	-2.87	0	0.00010900616	1380
2.577e-05	0.0097125	284.4375	1	100000	0.5	-2.87	0	0.000109008881	1380
2.625e-05	0.009725	284.4375	1	100000	0.5	-2.87	0	0.000109006775	1380
2.627e-05	0.0097375	284.4375	1	100000	0.5	-2.87	0	0.000109005806	1380
2.619e-05	0.00975	284.4375	1	100000	0.5	-2.87	0	0.000109007905	1380
2.618e-05	0.0097625	284.4375	1	100000	0.5	-2.87	0	0.000109004894	1380
2.63e-05	0.009775	284.4375	1	100000	0.5	-2.87	0	0.000109007166	1380
2.672e-05	0.0097875	284.4375	1	100000	0.5	-2.87	0	0.000109006766	1380
2.767e-05	0.0098	284.4375	1	100000	0.5	-2.87	0	0.00010901034	1380
2.918e-05	0.0098125	284.4375	1	100000	0.5	-2.87	0	0.000109006852	1380
3.072e-05	0.009825	284.4375	1	100000	0.5	-2.87	0	0.000109006401	1380
3.18e-05	0.0098375	284.4375	1	100000	0.5	-2.87	0	0.000109007067	1380
3.234e-05	0.00985	284.4375	1	100000	0.5	-2.87	0	0.00010900697	1380
3.261e-05	0.0098625	284.4375	1	100000	0.5	-2.87	0	0.000109004957	1380
3.276e-05	0.009875	284.4375	1	100000	0.5	-2.87	0	0.000109007054	1380
3.279e-05	0.0098875	284.4375	1	100000	0.5	-2.87	0	0.00010900516	1380
3.283e-05	0.0099	284.4375	1	100000	0.5	-2.87	0	0.000109006078	1380
3.32e-05	0.0099125	284.4375	1	100000	0.5	-2.87	0	0.000109003639	1380
3.424e-05	0.009925	284.4375	1	100000	0.5	-2.87	0	0.000108999151	1380
3.599e-05	0.0099375	284.4375	1	100000	0.5	-2.87	0	0.000109000628	1380
3.781e-05	0.00995	284.4375	1	100000	0.5	-2.87	0	0.000109000613	1380
3.914e-05	0.0099625	284.4375	1	100000	0.5	-2.87	0	0.000109002313	1380
3.976e-05	0.009975	284.4375	1	100000	0.5	-2.87	0	0.000109002386	1380
3.987e-05	0.0099875	284.4375	1	100000	0.5	-2.87	0	0.000109001276	1380
3.976e-05	0.01	284.4375	1	100000	0.5	-2.87	0	0.000109000599	1380
3.962e-05	0.0100125	284.4375	1	100000	0.5	-2.87	0	0.000109000178	1380
3.97e-05	0.010025	284.4375	1	100000	0.5	-2.87	0	0.000109003288	1380
4.029e-05	0.0100375	284.4375	1	100000	0.5	-2.87	0	0.000109006107	1380
4.17e-05	0.01005	284.4375	1	100000	0.5	-2.87	0	0.000109002283	1380
4.362e-05	0.0100625	284.4375	1	100000	0.5	-2.87	0	0.000108999919	1380
4.544e-05	0.010075	284.4375	1	100000	0.5	-2.87	0	0.000109004836	1380
4.661e-05	0.0100875	284.4375	1	100000	0.5	-2.87	0	0.00010900777	1380
4.703e-05	0.0101	284.4375	1	100000	0.5	-2.87	0	0.000109007049	1380
4.701e-05	0.0101125	284.4375	1	100000	0.5	-2.87	0	0.000109001156	1380
4.688e-05	0.010125	284.4375	1	100000	0.5	-2.87	0	0.000109001758	1380
4.68e-05	0.0101375	284.4375	1	100000	0.5	-2.87	0	0.000109004839	1380
4.685e-05	0.01015	284.4375	1	100000	0.5	-2.87	0	0.000109007171	1380
4.721e-05	0.0101625	284.4375	1	100000	0.5	-2.87	0	0.000109005819	1380
4.82e-05	0.010175	284.4375	1	100000	0.5	-2.87	0	0.000109004995	1380
4.986e-05	0.0101875	284.4375	1	100000	0.5	-2.87	0	0.000109006838	1380
5.164e-05	0.0102	284.4375	1	100000	0.5	-2.87	0	0.000109005996	1380
5.291e-05	0.0102125	284.4375	1	100000	0.5	-2.87	0	0.000109004666	1380
5.356e-05	0.010225	284.4375	1	100000	0.5	-2.87	0	0.000109004021	1380
5.39e-05	0.0102375	284.4375	1	100000	0.5	-2.87	0	0.000109006018	1380
5.417e-05	0.01025	284.4375	1	100000	0.5	-2.87	0	0.000109005955	1380
5.428e-05	0.0102625	284.4375	1	100000	0.5	-2.87	0	0.000109007545	1380
5.431e-05	0.010275	284.4375	1	100000	0.5	-2.87	0	0.000109007808	1380
5.459e-05	0.0102875	284.4375	1	100000	0.5	-2.87	0	0.000109005648	1380
5.556e-05	0.0103	284.4375	1	100000	0.5	-2.87	0	0.000109006936	1380
5.728e-05	0.0103125	284.4375	1	100000	0.5	-2.87	0	0.000109006726	1380

