# U_ac_out	U_osc_ref	Pha_ref	U_osc_dut	R_ref	V_DS	V_GS	V_DUT	I_D	FRQ
0.0022035	0.02	157.5	1	100000	0.5	-2.87	0	0.000109301278	3500
0.002203	0.02	160.03125	1	100000	0.5	-2.87	0	0.000109306289	3500
0.0022025	0.02	162.5625	1	100000	0.5	-2.87	0	0.000109302011	3500
0.0022	0.02	165.09375	1	100000	0.5	-2.87	0	0.000109301502	3500
0.002194	0.02	167.625	1	100000	0.5	-2.87	0	0.000109302192	3500
0.002182	0.02	170.15625	1	100000	0.5	-2.87	0	0.000109303494	3500
0.0021665	0.02	172.6875	1	100000	0.5	-2.87	0	0.00010929853	3500
0.00215	0.02	175.21875	1	100000	0.5	-2.87	0	0.000109298075	3500
0.0021325	0.02	177.75	1	100000	0.5	-2.87	0	0.000109297567	3500
0.002114	0.02	180.28125	1	100000	0.5	-2.87	0	0.000109298556	3500
0.002094	0.02	182.8125	1	100000	0.5	-2.87	0	0.000109298252	3500
0.002073	0.02	185.34375	1	100000	0.5	-2.87	0	0.00010929984	3500
0.002051	0.02	187.875	1	100000	0.5	-2.87	0	0.0001092971	3500
0.002027	0.02	190.40625	1	100000	0.5	-2.87	0	0.000109297003	3500
0.0020025	0.02	192.9375	1	100000	0.5	-2.87	0	0.000109295173	3500
0.001978	0.02	195.46875	1	100000	0.5	-2.87	0	0.00010929236	3500
0.001953	0.02	198	1	100000	0.5	-2.87	0	0.000109290743	3500
0.0019275	0.02	200.53125	1	100000	0.5	-2.87	0	0.000109289702	3500
0.001899	0.02	203.0625	1	100000	0.5	-2.87	0	0.000109285769	3500
0.001871	0.02	205.59375	1	100000	0.5	-2.87	0	0.000109286824	3500
0.0018415	0.02	208.125	1	100000	0.5	-2.87	0	0.000109285144	3500
0.001812	0.02	210.65625	1	100000	0.5	-2.87	0	0.000109284409	3500
0.0017805	0.02	213.1875	1	100000	0.5	-2.87	0	0.000109284283	3500
0.001749	0.02	215.71875	1	100000	0.5	-2.87	0	0.000109282647	3500
0.0017135	0.02	218.25	1	100000	0.5	-2.87	0	0.000109283664	3500
0.0016795	0.02	220.78125	1	100000	0.5	-2.87	0	0.000109281137	3500
0.0016455	0.02	223.3125	1	100000	0.5	-2.87	0	0.000109283267	3500
0.001611	0.02	225.84375	1	100000	0.5	-2.87	0	0.000109280867	3500
0.001576	0.02	228.375	1	100000	0.5	-2.87	0	0.000109281091	3500
0.0015395	0.02	230.90625	1	100000	0.5	-2.87	0	0.000109276568	3500
0.001502	0.02	233.4375	1	100000	0.5	-2.87	0	0.000109273764	3500
0.0014635	0.02	235.96875	1	100000	0.5	-2.87	0	0.000109275797	3500
0.001425	0.02	238.5	1	100000	0.5	-2.87	0	0.00010927061	3500
0.0013855	0.02	241.03125	1	100000	0.5	-2.87	0	0.000109271507	3500
0.0013445	0.02	243.5625	1	100000	0.5	-2.87	0	0.00010927634	3500
0.0013025	0.02	246.09375	1	100000	0.5	-2.87	0	0.000109270824	3500
0.0012605	0.02	248.625	1	100000	0.5	-2.87	0	0.000109272378	3500
0.001219	0.02	251.15625	1	100000	0.5	-2.87	0	0.000109274575	3500
0.0011775	0.02	253.6875	1	100000	0.5	-2.87	0	0.000109273036	3500
0.001135	0.02	256.21875	1	100000	0.5	-2.87	0	0.000109275506	3500
0.001091	0.02	258.75	1	100000	0.5	-2.87	0	0.000109271622	3500
0.001042	0.02	261.28125	1	100000	0.5	-2.87	0	0.000109273272	3500
0.0009965	0.02	263.8125	1	100000	0.5	-2.87	0	0.000109272218	3500
0.0009525	0.02	266.34375	1	100000	0.5	-2.87	0	0.000109272057	3500
0.0009085	0.02	268.875	1	100000	0.5	-2.87	0	0.000109272059	3500
0.000865	0.02	271.40625	1	100000	0.5	-2.87	0	0.00010927619	3500
0.00082	0.02	273.9375	1	100000	0.5	-2.87	0	0.000109273366	3500
0.000775	0.02	276.46875	1	100000	0.5	-2.87	0	0.000109271008	3500
0.000729	0.02	279	1	100000	0.5	-2.87	0	0.00010927515	3500
0.0006825	0.02	281.53125	1	100000	0.5	-2.87	0	0.00010927088	3500
0.000635	0.02	284.0625	1	100000	0.5	-2.87	0	0.000109275191	3500
0.0005885	0.02	286.59375	1	100000	0.5	-2.87	0	0.000109271986	3500
0.0005375	0.02	289.125	1	100000	0.5	-2.87	0	0.00010927597	3500
0.0004905	0.02	291.65625	1	100000	0.5	-2.87	0	0.000109273166	3500
0.000444	0.02	294.1875	1	100000	0.5	-2.87	0	0.000109273519	3500
0.0004	0.02	296.71875	1	100000	0.5	-2.87	0	0.000109276294	3500
0.0003575	0.02	299.25	1	100000	0.5	-2.87	0	0.00010927125	3500
0.000315	0.02	301.78125	1	100000	0.5	-2.87	0	0.000109270812	3500
0.0002745	0.02	304.3125	1	100000	0.5	-2.87	0	0.000109270638	3500
0.000237	0.02	306.84375	1	100000	0.5	-2.87	0	0.000109276653	3500
0.000206	0.02	309.375	1	100000	0.5	-2.87	0	0.000109271763	3500
0.0001825	0.02	311.90625	1	100000	0.5	-2.87	0	0.000109273755	3500
0.0001705	0.02	314.4375	1	100000	0.5	-2.87	0	0.000109271427	3500
0.0001735	0.02	316.96875	1	100000	0.5	-2.87	0	0.000109273063	3500
0.0001915	0.02	319.5	1	100000	0.5	-2.87	0	0.000109274335	3500
0.0002195	0.02	322.03125	1	100000	0.5	-2.87	0	0.000109271922	3500
0.0002535	0.02	324.5625	1	100000	0.5	-2.87	0	0.000109268726	3500
0.0002915	0.02	327.09375	1	100000	0.5	-2.87	0	0.000109272084	3500
0.000333	0.02	329.625	1	100000	0.5	-2.87	0	0.000109278336	3500
0.0003755	0.02	332.15625	1	100000	0.5	-2.87	0	0.000109272361	3500
0.000421	0.02	334.6875	1	100000	0.5	-2.87	0	0.000109271019	3500
0.000466	0.02	337.21875	1	100000	0.5	-2.87	0	0.000109272034	3500
0.000513	0.02	339.75	1	100000	0.5	-2.87	0	0.000109272685	3500
0.000559	0.02	342.28125	1	100000	0.5	-2.87	0	0.000109271894	3500
0.00061	0.02	344.8125	1	100000	0.5	-2.87	0	0.000109274117	3500
0.0006565	0.02	347.34375	1	100000	0.5	-2.87	0	0.000109271598	3500
0.000703	0.02	349.875	1	100000	0.5	-2.87	0	0.000109272808	3500
0.0007495	0.02	352.40625	1	100000	0.5	-2.87	0	0.000109272113	3500
0.0007945	0.02	354.9375	1	100000	0.5	-2.87	0	0.000109276258	3500
0.00084	0.02	357.46875	1	100000	0.5	-2.87	0	0.000109272652	3500
0.000885	0.02	360	1	100000	0.5	-2.87	0	0.000109293961	3500

