# U_ac_out	U_osc_ref	Pha_ref	U_osc_dut	R_ref	V_DS	V_GS	V_DUT	I_D	FRQ
1.891e-05	0.008625	282.6925	1	100000	0.5	-2.87	0	0.000109268617	1250
1.89e-05	0.0086275	282.6925	1	100000	0.5	-2.87	0	0.000109269814	1250
1.89e-05	0.00863	282.6925	1	100000	0.5	-2.87	0	0.0001092704	1250
1.888e-05	0.0086325	282.6925	1	100000	0.5	-2.87	0	0.000109273728	1250
1.896e-05	0.008635	282.6925	1	100000	0.5	-2.87	0	0.000109271948	1250
1.906e-05	0.0086375	282.6925	1	100000	0.5	-2.87	0	0.000109270954	1250
1.907e-05	0.00864	282.6925	1	100000	0.5	-2.87	0	0.000109268167	1250
1.909e-05	0.0086425	282.6925	1	100000	0.5	-2.87	0	0.000109269985	1250
1.905e-05	0.008645	282.6925	1	100000	0.5	-2.87	0	0.000109272475	1250
1.887e-05	0.0086475	282.6925	1	100000	0.5	-2.87	0	0.00010927033	1250
1.883e-05	0.00865	282.6925	1	100000	0.5	-2.87	0	0.000109270818	1250
1.907e-05	0.0086525	282.6925	1	100000	0.5	-2.87	0	0.000109270409	1250
1.914e-05	0.008655	282.6925	1	100000	0.5	-2.87	0	0.000109270111	1250
1.89e-05	0.0086575	282.6925	1	100000	0.5	-2.87	0	0.000109274528	1250
1.895e-05	0.00866	282.6925	1	100000	0.5	-2.87	0	0.000109274659	1250
1.912e-05	0.0086625	282.6925	1	100000	0.5	-2.87	0	0.000109268008	1250
1.896e-05	0.008665	282.6925	1	100000	0.5	-2.87	0	0.000109269434	1250
1.873e-05	0.0086675	282.6925	1	100000	0.5	-2.87	0	0.000109271091	1250
1.863e-05	0.00867	282.6925	1	100000	0.5	-2.87	0	0.000109272374	1250
1.875e-05	0.0086725	282.6925	1	100000	0.5	-2.87	0	0.000109271191	1250
1.9e-05	0.008675	282.6925	1	100000	0.5	-2.87	0	0.000109270843	1250
1.913e-05	0.0086775	282.6925	1	100000	0.5	-2.87	0	0.000109273623	1250
1.909e-05	0.00868	282.6925	1	100000	0.5	-2.87	0	0.000109273101	1250
1.91e-05	0.0086825	282.6925	1	100000	0.5	-2.87	0	0.000109274233	1250
1.917e-05	0.008685	282.6925	1	100000	0.5	-2.87	0	0.00010927351	1250
1.916e-05	0.0086875	282.6925	1	100000	0.5	-2.87	0	0.000109272183	1250
1.909e-05	0.00869	282.6925	1	100000	0.5	-2.87	0	0.000109271274	1250
1.923e-05	0.0086925	282.6925	1	100000	0.5	-2.87	0	0.000109273393	1250
1.94e-05	0.008695	282.6925	1	100000	0.5	-2.87	0	0.000109274404	1250
1.932e-05	0.0086975	282.6925	1	100000	0.5	-2.87	0	0.000109273224	1250
1.904e-05	0.0087	282.6925	1	100000	0.5	-2.87	0	0.000109272224	1250
1.892e-05	0.0087025	282.6925	1	100000	0.5	-2.87	0	0.00010927344	1250
1.91e-05	0.008705	282.6925	1	100000	0.5	-2.87	0	0.000109270382	1250
1.925e-05	0.0087075	282.6925	1	100000	0.5	-2.87	0	0.000109268346	1250
1.911e-05	0.00871	282.6925	1	100000	0.5	-2.87	0	0.000109271854	1250
1.901e-05	0.0087125	282.6925	1	100000	0.5	-2.87	0	0.000109271328	1250
1.895e-05	0.008715	282.6925	1	100000	0.5	-2.87	0	0.000109271318	1250
1.893e-05	0.0087175	282.6925	1	100000	0.5	-2.87	0	0.000109274011	1250
1.903e-05	0.00872	282.6925	1	100000	0.5	-2.87	0	0.000109271804	1250
1.918e-05	0.0087225	282.6925	1	100000	0.5	-2.87	0	0.000109271566	1250
1.92e-05	0.008725	282.6925	1	100000	0.5	-2.87	0	0.000109271226	1250
1.921e-05	0.0087275	282.6925	1	100000	0.5	-2.87	0	0.00010927195	1250
1.924e-05	0.00873	282.6925	1	100000	0.5	-2.87	0	0.000109274805	1250
1.896e-05	0.0087325	282.6925	1	100000	0.5	-2.87	0	0.000109271771	1250
1.897e-05	0.008735	282.6925	1	100000	0.5	-2.87	0	0.000109271434	1250
1.93e-05	0.0087375	282.6925	1	100000	0.5	-2.87	0	0.000109273648	1250
1.95e-05	0.00874	282.6925	1	100000	0.5	-2.87	0	0.000109271916	1250
1.924e-05	0.0087425	282.6925	1	100000	0.5	-2.87	0	0.000109272304	1250
1.907e-05	0.008745	282.6925	1	100000	0.5	-2.87	0	0.000109271583	1250
1.911e-05	0.0087475	282.6925	1	100000	0.5	-2.87	0	0.00010927193	1250
1.92e-05	0.00875	282.6925	1	100000	0.5	-2.87	0	0.000109272103	1250
1.956e-05	0.0087525	282.6925	1	100000	0.5	-2.87	0	0.000109269946	1250
2.159e-05	0.008755	282.6925	1	100000	0.5	-2.87	0	0.000109268819	1250
2.446e-05	0.0087575	282.6925	1	100000	0.5	-2.87	0	0.000109270624	1250
2.556e-05	0.00876	282.6925	1	100000	0.5	-2.87	0	0.000109270353	1250
2.552e-05	0.0087625	282.6925	1	100000	0.5	-2.87	0	0.000109268478	1250
2.559e-05	0.008765	282.6925	1	100000	0.5	-2.87	0	0.000109268614	1250
2.58e-05	0.0087675	282.6925	1	100000	0.5	-2.87	0	0.000109262697	1250
2.583e-05	0.00877	282.6925	1	100000	0.5	-2.87	0	0.000109264735	1250
2.586e-05	0.0087725	282.6925	1	100000	0.5	-2.87	0	0.000109267437	1250
2.598e-05	0.008775	282.6925	1	100000	0.5	-2.87	0	0.000109264474	1250
2.6e-05	0.0087775	282.6925	1	100000	0.5	-2.87	0	0.000109263447	1250
2.613e-05	0.00878	282.6925	1	100000	0.5	-2.87	0	0.000109262847	1250
2.621e-05	0.0087825	282.6925	1	100000	0.5	-2.87	0	0.000109264142	1250
2.613e-05	0.008785	282.6925	1	100000	0.5	-2.87	0	0.000109263186	1250
2.586e-05	0.0087875	282.6925	1	100000	0.5	-2.87	0	0.000109266577	1250
2.569e-05	0.00879	282.6925	1	100000	0.5	-2.87	0	0.000109264333	1250
2.593e-05	0.0087925	282.6925	1	100000	0.5	-2.87	0	0.000109265383	1250
2.601e-05	0.008795	282.6925	1	100000	0.5	-2.87	0	0.000109266062	1250
2.585e-05	0.0087975	282.6925	1	100000	0.5	-2.87	0	0.000109266631	1250
2.562e-05	0.0088	282.6925	1	100000	0.5	-2.87	0	0.000109265521	1250
2.548e-05	0.0088025	282.6925	1	100000	0.5	-2.87	0	0.000109266207	1250
2.543e-05	0.008805	282.6925	1	100000	0.5	-2.87	0	0.000109267137	1250
2.547e-05	0.0088075	282.6925	1	100000	0.5	-2.87	0	0.00010926606	1250
2.575e-05	0.00881	282.6925	1	100000	0.5	-2.87	0	0.000109266734	1250
2.598e-05	0.0088125	282.6925	1	100000	0.5	-2.87	0	0.000109264295	1250
2.597e-05	0.008815	282.6925	1	100000	0.5	-2.87	0	0.000109264304	1250
2.586e-05	0.0088175	282.6925	1	100000	0.5	-2.87	0	0.000109266967	1250
2.583e-05	0.00882	282.6925	1	100000	0.5	-2.87	0	0.000109264124	1250
2.583e-05	0.0088225	282.6925	1	100000	0.5	-2.87	0	0.000109260846	1250
2.589e-05	0.008825	282.6925	1	100000	0.5	-2.87	0	0.000109262082	1250

