# U_ac_out	U_osc_ref	Pha_ref	U_osc_dut	R_ref	V_DS	V_GS	V_DUT	I_D	FRQ
0.0001055	0.01425	283.1825	1	100000	0.5	-2.87	0	0.000109279919	2000
0.00010575	0.01425	283.8075	1	100000	0.5	-2.87	0	0.000109280522	2000
0.0001053	0.01425	284.4325	1	100000	0.5	-2.87	0	0.000109284353	2000
0.00010285	0.01425	285.0575	1	100000	0.5	-2.87	0	0.000109277898	2000
9.68e-05	0.01425	285.6825	1	100000	0.5	-2.87	0	0.000109281981	2000
8.99e-05	0.01425	286.3075	1	100000	0.5	-2.87	0	0.000109283	2000
8.355e-05	0.01425	286.9325	1	100000	0.5	-2.87	0	0.000109293178	2000
7.635e-05	0.01425	287.5575	1	100000	0.5	-2.87	0	0.000109285542	2000
7.04e-05	0.01425	288.1825	1	100000	0.5	-2.87	0	0.000109283973	2000
6.495e-05	0.01425	288.8075	1	100000	0.5	-2.87	0	0.000109291264	2000
5.985e-05	0.01425	289.4325	1	100000	0.5	-2.87	0	0.000109284757	2000
5.55e-05	0.01425	290.0575	1	100000	0.5	-2.87	0	0.000109289565	2000
5.18e-05	0.01425	290.6825	1	100000	0.5	-2.87	0	0.000109289338	2000
4.91e-05	0.01425	291.3075	1	100000	0.5	-2.87	0	0.000109290923	2000
4.765e-05	0.01425	291.9325	1	100000	0.5	-2.87	0	0.000109290615	2000
4.795e-05	0.01425	292.5575	1	100000	0.5	-2.87	0	0.000109289764	2000
4.965e-05	0.01425	293.1825	1	100000	0.5	-2.87	0	0.000109287261	2000
5.235e-05	0.01425	293.8075	1	100000	0.5	-2.87	0	0.000109289365	2000
5.695e-05	0.01425	294.4325	1	100000	0.5	-2.87	0	0.000109288752	2000
6.215e-05	0.01425	295.0575	1	100000	0.5	-2.87	0	0.000109286966	2000
6.73e-05	0.01425	295.6825	1	100000	0.5	-2.87	0	0.000109286717	2000
7.25e-05	0.01425	296.3075	1	100000	0.5	-2.87	0	0.000109287114	2000
7.92e-05	0.01425	296.9325	1	100000	0.5	-2.87	0	0.000109289908	2000
8.525e-05	0.01425	297.5575	1	100000	0.5	-2.87	0	0.000109286987	2000
9.21e-05	0.01425	298.1825	1	100000	0.5	-2.87	0	0.000109284942	2000
0.00010005	0.01425	298.8075	1	100000	0.5	-2.87	0	0.000109285459	2000
0.0001073	0.01425	299.4325	1	100000	0.5	-2.87	0	0.000109285621	2000
0.00011615	0.01425	300.0575	1	100000	0.5	-2.87	0	0.000109282014	2000
0.0001229	0.01425	300.6825	1	100000	0.5	-2.87	0	0.000109282332	2000
0.00012955	0.01425	301.3075	1	100000	0.5	-2.87	0	0.000109288011	2000
0.0001375	0.01425	301.9325	1	100000	0.5	-2.87	0	0.000109289193	2000
0.00014555	0.01425	302.5575	1	100000	0.5	-2.87	0	0.00010928897	2000
0.0001533	0.01425	303.1825	1	100000	0.5	-2.87	0	0.000109290338	2000
0.00016055	0.01425	303.8075	1	100000	0.5	-2.87	0	0.000109287546	2000
0.00016815	0.01425	304.4325	1	100000	0.5	-2.87	0	0.000109293098	2000
0.00017605	0.01425	305.0575	1	100000	0.5	-2.87	0	0.000109292896	2000
0.00018425	0.01425	305.6825	1	100000	0.5	-2.87	0	0.000109293378	2000
0.00019245	0.01425	306.3075	1	100000	0.5	-2.87	0	0.000109292456	2000
0.0002008	0.01425	306.9325	1	100000	0.5	-2.87	0	0.000109294054	2000
0.00020865	0.01425	307.5575	1	100000	0.5	-2.87	0	0.000109296309	2000
0.0002163	0.01425	308.1825	1	100000	0.5	-2.87	0	0.000109293758	2000
0.00022395	0.01425	308.8075	1	100000	0.5	-2.87	0	0.000109294878	2000
0.00023185	0.01425	309.4325	1	100000	0.5	-2.87	0	0.000109294351	2000
0.00023985	0.01425	310.0575	1	100000	0.5	-2.87	0	0.000109290471	2000
0.00024805	0.01425	310.6825	1	100000	0.5	-2.87	0	0.000109292115	2000
0.0002563	0.01425	311.3075	1	100000	0.5	-2.87	0	0.000109289788	2000
0.00026475	0.01425	311.9325	1	100000	0.5	-2.87	0	0.000109291815	2000
0.0002724	0.01425	312.5575	1	100000	0.5	-2.87	0	0.000109290448	2000
0.0002803	0.01425	313.1825	1	100000	0.5	-2.87	0	0.000109289968	2000
0.0002881	0.01425	313.8075	1	100000	0.5	-2.87	0	0.000109291851	2000
0.0002956	0.01425	314.4325	1	100000	0.5	-2.87	0	0.000109296278	2000
0.00030325	0.01425	315.0575	1	100000	0.5	-2.87	0	0.000109300111	2000
0.0003112	0.01425	315.6825	1	100000	0.5	-2.87	0	0.000109306216	2000
0.0003193	0.01425	316.3075	1	100000	0.5	-2.87	0	0.000109308234	2000
0.0003272	0.01425	316.9325	1	100000	0.5	-2.87	0	0.000109305003	2000
0.00033575	0.01425	317.5575	1	100000	0.5	-2.87	0	0.000109303	2000
0.0003435	0.01425	318.1825	1	100000	0.5	-2.87	0	0.000109300364	2000
0.00035095	0.01425	318.8075	1	100000	0.5	-2.87	0	0.00010929708	2000
0.0003585	0.01425	319.4325	1	100000	0.5	-2.87	0	0.000109298986	2000
0.00036665	0.01425	320.0575	1	100000	0.5	-2.87	0	0.000109298359	2000
0.0003749	0.01425	320.6825	1	100000	0.5	-2.87	0	0.000109300932	2000
0.0003829	0.01425	321.3075	1	100000	0.5	-2.87	0	0.000109297312	2000
0.00039095	0.01425	321.9325	1	100000	0.5	-2.87	0	0.00010929704	2000
0.0003986	0.01425	322.5575	1	100000	0.5	-2.87	0	0.000109295293	2000
0.0004073	0.01425	323.1825	1	100000	0.5	-2.87	0	0.000109292903	2000
0.00041485	0.01425	323.8075	1	100000	0.5	-2.87	0	0.000109293566	2000
0.0004222	0.01425	324.4325	1	100000	0.5	-2.87	0	0.000109295538	2000
0.0004299	0.01425	325.0575	1	100000	0.5	-2.87	0	0.000109291562	2000
0.00043835	0.01425	325.6825	1	100000	0.5	-2.87	0	0.000109287231	2000
0.0004462	0.01425	326.3075	1	100000	0.5	-2.87	0	0.000109290921	2000
0.00045445	0.01425	326.9325	1	100000	0.5	-2.87	0	0.000109289911	2000
0.000462	0.01425	327.5575	1	100000	0.5	-2.87	0	0.000109291218	2000
0.00046955	0.01425	328.1825	1	100000	0.5	-2.87	0	0.000109287969	2000
0.00047735	0.01425	328.8075	1	100000	0.5	-2.87	0	0.000109288955	2000
0.00048515	0.01425	329.4325	1	100000	0.5	-2.87	0	0.000109293016	2000
0.0004926	0.01425	330.0575	1	100000	0.5	-2.87	0	0.00010928678	2000
0.00049985	0.01425	330.6825	1	100000	0.5	-2.87	0	0.000109289431	2000
0.0005076	0.01425	331.3075	1	100000	0.5	-2.87	0	0.000109287902	2000
0.00051525	0.01425	331.9325	1	100000	0.5	-2.87	0	0.000109287393	2000
0.00052285	0.01425	332.5575	1	100000	0.5	-2.87	0	0.000109287875	2000
0.00053075	0.01425	333.1825	1	100000	0.5	-2.87	0	0.000109293072	2000

