# U_ac_out	U_osc_ref	Pha_ref	U_osc_dut	R_ref	V_DS	V_GS	V_DUT	I_D	FRQ
0.0054745	0.1	0	1	100000	0.5	-2.87	0	0.000108989026	1385
0.0054745	0.1	4.5	1	100000	0.5	-2.87	0	0.000109099953	1385
0.0054755	0.1	9	1	100000	0.5	-2.87	0	0.000109099593	1385
0.0054825	0.1	13.5	1	100000	0.5	-2.87	0	0.000109060389	1385
0.0055	0.1	18	1	100000	0.5	-2.87	0	0.000109011525	1385
0.005533	0.1	22.5	1	100000	0.5	-2.87	0	0.000109091647	1385
0.005572	0.1	27	1	100000	0.5	-2.87	0	0.000109043738	1385
0.0056125	0.1	31.5	1	100000	0.5	-2.87	0	0.000108978096	1385
0.0056525	0.1	36	1	100000	0.5	-2.87	0	0.000108971012	1385
0.0056915	0.1	40.5	1	100000	0.5	-2.87	0	0.000109051462	1385
0.0057285	0.1	45	1	100000	0.5	-2.87	0	0.000109101201	1385
0.005765	0.1	49.5	1	100000	0.5	-2.87	0	0.000108973829	1385
0.005801	0.1	54	1	100000	0.5	-2.87	0	0.000108960478	1385
0.0058345	0.1	58.5	1	100000	0.5	-2.87	0	0.00010903837	1385
0.005867	0.1	63	1	100000	0.5	-2.87	0	0.000109108985	1385
0.0058985	0.1	67.5	1	100000	0.5	-2.87	0	0.000109037851	1385
0.005926	0.1	72	1	100000	0.5	-2.87	0	0.000109004283	1385
0.0059545	0.1	76.5	1	100000	0.5	-2.87	0	0.000109067469	1385
0.0059805	0.1	81	1	100000	0.5	-2.87	0	0.000109072118	1385
0.0060025	0.1	85.5	1	100000	0.5	-2.87	0	0.000109089266	1385
0.006021	0.1	90	1	100000	0.5	-2.87	0	0.00010908721	1385
0.006036	0.1	94.5	1	100000	0.5	-2.87	0	0.000109115813	1385
0.006049	0.1	99	1	100000	0.5	-2.87	0	0.000109096854	1385
0.006059	0.1	103.5	1	100000	0.5	-2.87	0	0.000109105332	1385
0.0060665	0.1	108	1	100000	0.5	-2.87	0	0.000109039637	1385
0.00607	0.1	112.5	1	100000	0.5	-2.87	0	0.000109100108	1385
0.006072	0.1	117	1	100000	0.5	-2.87	0	0.000108987077	1385
0.0060705	0.1	121.5	1	100000	0.5	-2.87	0	0.000109039165	1385
0.006066	0.1	126	1	100000	0.5	-2.87	0	0.000109108531	1385
0.00606	0.1	130.5	1	100000	0.5	-2.87	0	0.000108976339	1385
0.0060505	0.1	135	1	100000	0.5	-2.87	0	0.000109093651	1385
0.006038	0.1	139.5	1	100000	0.5	-2.87	0	0.000109112145	1385
0.0060235	0.1	144	1	100000	0.5	-2.87	0	0.000109101857	1385
0.006006	0.1	148.5	1	100000	0.5	-2.87	0	0.00010907036	1385
0.0059855	0.1	153	1	100000	0.5	-2.87	0	0.00010910069	1385
0.005963	0.1	157.5	1	100000	0.5	-2.87	0	0.000109082422	1385
0.0059375	0.1	162	1	100000	0.5	-2.87	0	0.00010895131	1385
0.0059105	0.1	166.5	1	100000	0.5	-2.87	0	0.000109111081	1385
0.0058805	0.1	171	1	100000	0.5	-2.87	0	0.000108978216	1385
0.0058495	0.1	175.5	1	100000	0.5	-2.87	0	0.000109106589	1385
0.0058165	0.1	180	1	100000	0.5	-2.87	0	0.000109028961	1385
0.005782	0.1	184.5	1	100000	0.5	-2.87	0	0.00010895334	1385
0.005744	0.1	189	1	100000	0.5	-2.87	0	0.000109074042	1385
0.0057035	0.1	193.5	1	100000	0.5	-2.87	0	0.000109101501	1385
0.0056635	0.1	198	1	100000	0.5	-2.87	0	0.000108956088	1385
0.005624	0.1	202.5	1	100000	0.5	-2.87	0	0.000109104519	1385
0.005587	0.1	207	1	100000	0.5	-2.87	0	0.000108974697	1385
0.005547	0.1	211.5	1	100000	0.5	-2.87	0	0.000109100147	1385
0.005507	0.1	216	1	100000	0.5	-2.87	0	0.000108992538	1385
0.005467	0.1	220.5	1	100000	0.5	-2.87	0	0.000109023629	1385
0.0054255	0.1	225	1	100000	0.5	-2.87	0	0.000109082943	1385
0.0053865	0.1	229.5	1	100000	0.5	-2.87	0	0.000109072707	1385
0.005348	0.1	234	1	100000	0.5	-2.87	0	0.000108964027	1385
0.005311	0.1	238.5	1	100000	0.5	-2.87	0	0.000109035702	1385
0.0052765	0.1	243	1	100000	0.5	-2.87	0	0.000108962309	1385
0.005243	0.1	247.5	1	100000	0.5	-2.87	0	0.000108982035	1385
0.0052115	0.1	252	1	100000	0.5	-2.87	0	0.000108985749	1385
0.005184	0.1	256.5	1	100000	0.5	-2.87	0	0.000108962221	1385
0.005157	0.1	261	1	100000	0.5	-2.87	0	0.00010896891	1385
0.0051325	0.1	265.5	1	100000	0.5	-2.87	0	0.000108983842	1385
0.00511	0.1	270	1	100000	0.5	-2.87	0	0.000109017807	1385
0.0050915	0.1	274.5	1	100000	0.5	-2.87	0	0.000109005281	1385
0.005076	0.1	279	1	100000	0.5	-2.87	0	0.000109063882	1385
0.005064	0.1	283.5	1	100000	0.5	-2.87	0	0.000109057474	1385
0.005056	0.1	288	1	100000	0.5	-2.87	0	0.000108964456	1385
0.005051	0.1	292.5	1	100000	0.5	-2.87	0	0.000109012454	1385
0.005049	0.1	297	1	100000	0.5	-2.87	0	0.000108980205	1385
0.005051	0.1	301.5	1	100000	0.5	-2.87	0	0.000109026637	1385
0.0050555	0.1	306	1	100000	0.5	-2.87	0	0.000108971271	1385
0.0050635	0.1	310.5	1	100000	0.5	-2.87	0	0.000108972445	1385
0.005075	0.1	315	1	100000	0.5	-2.87	0	0.000108996165	1385
0.0050915	0.1	319.5	1	100000	0.5	-2.87	0	0.000108971883	1385
0.0051095	0.1	324	1	100000	0.5	-2.87	0	0.000108968572	1385
0.005131	0.1	328.5	1	100000	0.5	-2.87	0	0.000108994226	1385
0.0051555	0.1	333	1	100000	0.5	-2.87	0	0.000109101152	1385
0.005182	0.1	337.5	1	100000	0.5	-2.87	0	0.000109098765	1385
0.0052105	0.1	342	1	100000	0.5	-2.87	0	0.000109074071	1385
0.005242	0.1	346.5	1	100000	0.5	-2.87	0	0.000109060165	1385
0.005275	0.1	351	1	100000	0.5	-2.87	0	0.000108965384	1385
0.0053075	0.1	355.5	1	100000	0.5	-2.87	0	0.000108982243	1385
0.005344	0.1	360	1	100000	0.5	-2.87	0	0.000109100159	1385

