# U_ac_out	U_osc_ref	Pha_ref	U_osc_dut	R_ref	V_DS	V_GS	V_DUT	I_D	FRQ
0.000505	0	315	1	100000	0.5	-2.87	0	0.000108936683	1370
0.0005078	0.00125	315	1	100000	0.5	-2.87	0	0.000108924057	1370
0.0005066	0.0025	315	1	100000	0.5	-2.87	0	0.00010892798	1370
0.0004986	0.00375	315	1	100000	0.5	-2.87	0	0.000108925488	1370
0.000475	0.005	315	1	100000	0.5	-2.87	0	0.00010893199	1370
0.0004348	0.00625	315	1	100000	0.5	-2.87	0	0.000108925752	1370
0.0003834	0.0075	315	1	100000	0.5	-2.87	0	0.000108924339	1370
0.0003374	0.00875	315	1	100000	0.5	-2.87	0	0.000108931242	1370
0.000299	0.01	315	1	100000	0.5	-2.87	0	0.000108924722	1370
0.0002726	0.01125	315	1	100000	0.5	-2.87	0	0.000108925352	1370
0.0002632	0.0125	315	1	100000	0.5	-2.87	0	0.000108923236	1370
0.0002724	0.01375	315	1	100000	0.5	-2.87	0	0.000108932638	1370
0.0002972	0.015	315	1	100000	0.5	-2.87	0	0.000108929021	1370
0.0003354	0.01625	315	1	100000	0.5	-2.87	0	0.000108934791	1370
0.0003808	0.0175	315	1	100000	0.5	-2.87	0	0.00010891917	1370
0.0004336	0.01875	315	1	100000	0.5	-2.87	0	0.000108917734	1370
0.0004902	0.02	315	1	100000	0.5	-2.87	0	0.000108914607	1370
0.0005504	0.02125	315	1	100000	0.5	-2.87	0	0.000108933217	1370
0.000613	0.0225	315	1	100000	0.5	-2.87	0	0.000108923421	1370
0.000676	0.02375	315	1	100000	0.5	-2.87	0	0.000108933562	1370
0.0007406	0.025	315	1	100000	0.5	-2.87	0	0.000108910903	1370
0.0008062	0.02625	315	1	100000	0.5	-2.87	0	0.000108907836	1370
0.0008726	0.0275	315	1	100000	0.5	-2.87	0	0.000108906615	1370
0.0009398	0.02875	315	1	100000	0.5	-2.87	0	0.000108910609	1370
0.0010076	0.03	315	1	100000	0.5	-2.87	0	0.000108943439	1370
0.0010754	0.03125	315	1	100000	0.5	-2.87	0	0.000108933187	1370
0.0011442	0.0325	315	1	100000	0.5	-2.87	0	0.000108908047	1370
0.0012126	0.03375	315	1	100000	0.5	-2.87	0	0.000108950089	1370
0.0012814	0.035	315	1	100000	0.5	-2.87	0	0.000108947842	1370
0.001349	0.03625	315	1	100000	0.5	-2.87	0	0.000108899446	1370
0.001417	0.0375	315	1	100000	0.5	-2.87	0	0.000108951093	1370
0.001485	0.03875	315	1	100000	0.5	-2.87	0	0.000108908471	1370
0.0015534	0.04	315	1	100000	0.5	-2.87	0	0.000108941717	1370
0.0016222	0.04125	315	1	100000	0.5	-2.87	0	0.000108930623	1370
0.0016922	0.0425	315	1	100000	0.5	-2.87	0	0.000108936023	1370
0.0017614	0.04375	315	1	100000	0.5	-2.87	0	0.000108902807	1370
0.0018318	0.045	315	1	100000	0.5	-2.87	0	0.000108896739	1370
0.0019006	0.04625	315	1	100000	0.5	-2.87	0	0.000108897052	1370
0.001971	0.0475	315	1	100000	0.5	-2.87	0	0.000108891681	1370
0.0020396	0.04875	315	1	100000	0.5	-2.87	0	0.000108962717	1370
0.0021088	0.05	315	1	100000	0.5	-2.87	0	0.000108926709	1370
0.0021776	0.05125	315	1	100000	0.5	-2.87	0	0.000108958351	1370
0.002245	0.0525	315	1	100000	0.5	-2.87	0	0.000108893597	1370
0.0023124	0.05375	315	1	100000	0.5	-2.87	0	0.000108968177	1370
0.0023816	0.055	315	1	100000	0.5	-2.87	0	0.000108886399	1370
0.002451	0.05625	315	1	100000	0.5	-2.87	0	0.000108887568	1370
0.0025212	0.0575	315	1	100000	0.5	-2.87	0	0.000108921745	1370
0.0025906	0.05875	315	1	100000	0.5	-2.87	0	0.000108964936	1370
0.0026614	0.06	315	1	100000	0.5	-2.87	0	0.000108883905	1370
0.0027314	0.06125	315	1	100000	0.5	-2.87	0	0.000108971394	1370
0.002801	0.0625	315	1	100000	0.5	-2.87	0	0.000108950613	1370
0.0028694	0.06375	315	1	100000	0.5	-2.87	0	0.00010897244	1370
0.0029386	0.065	315	1	100000	0.5	-2.87	0	0.000108954051	1370
0.0030086	0.06625	315	1	100000	0.5	-2.87	0	0.000108971351	1370
0.0030778	0.0675	315	1	100000	0.5	-2.87	0	0.000108920482	1370
0.003148	0.06875	315	1	100000	0.5	-2.87	0	0.00010896468	1370
0.0032186	0.07	315	1	100000	0.5	-2.87	0	0.000108885352	1370
0.0032866	0.07125	315	1	100000	0.5	-2.87	0	0.000108937801	1370
0.0033558	0.0725	315	1	100000	0.5	-2.87	0	0.000108916125	1370
0.0034252	0.07375	315	1	100000	0.5	-2.87	0	0.000108884399	1370
0.0034952	0.075	315	1	100000	0.5	-2.87	0	0.000108957601	1370
0.0035638	0.07625	315	1	100000	0.5	-2.87	0	0.000108924345	1370
0.0036346	0.0775	315	1	100000	0.5	-2.87	0	0.000108986693	1370
0.0037046	0.07875	315	1	100000	0.5	-2.87	0	0.000108990438	1370
0.0037738	0.08	315	1	100000	0.5	-2.87	0	0.000108985854	1370
0.0038434	0.08125	315	1	100000	0.5	-2.87	0	0.000108915069	1370
0.0039132	0.0825	315	1	100000	0.5	-2.87	0	0.000108876725	1370
0.003983	0.08375	315	1	100000	0.5	-2.87	0	0.000108879026	1370
0.004053	0.085	315	1	100000	0.5	-2.87	0	0.000108882843	1370
0.0041226	0.08625	315	1	100000	0.5	-2.87	0	0.000109000976	1370
0.0041922	0.0875	315	1	100000	0.5	-2.87	0	0.00010895445	1370
0.004262	0.08875	315	1	100000	0.5	-2.87	0	0.000108977344	1370
0.0043322	0.09	315	1	100000	0.5	-2.87	0	0.000108886915	1370
0.0044018	0.09125	315	1	100000	0.5	-2.87	0	0.000108889711	1370
0.0044718	0.0925	315	1	100000	0.5	-2.87	0	0.000109010239	1370
0.0045418	0.09375	315	1	100000	0.5	-2.87	0	0.000109007754	1370
0.0046114	0.095	315	1	100000	0.5	-2.87	0	0.000108914557	1370
0.0046804	0.09625	315	1	100000	0.5	-2.87	0	0.000108906011	1370
0.0047502	0.0975	315	1	100000	0.5	-2.87	0	0.000108998438	1370
0.0048202	0.09875	315	1	100000	0.5	-2.87	0	0.000108858096	1370
0.0048898	0.1	315	1	100000	0.5	-2.87	0	0.000109010367	1370

