# U_ac_out	U_osc_ref	Pha_ref	U_osc_dut	R_ref	V_DS	V_GS	V_DUT	I_D	FRQ
0.0001785	0.03155625	310.8125	1	100000	0.5	-2.87	0	0.000109294132	4500
0.0001793	0.03155625	311.4273437	1	100000	0.5	-2.87	0	0.000109293571	4500
0.0001782	0.03155625	312.0421875	1	100000	0.5	-2.87	0	0.000109290638	4500
0.000172	0.03155625	312.6570312	1	100000	0.5	-2.87	0	0.000109296582	4500
0.0001606	0.03155625	313.271875	1	100000	0.5	-2.87	0	0.000109299745	4500
0.0001481	0.03155625	313.8867188	1	100000	0.5	-2.87	0	0.000109295273	4500
0.0001353	0.03155625	314.5015625	1	100000	0.5	-2.87	0	0.000109295204	4500
0.0001225	0.03155625	315.1164063	1	100000	0.5	-2.87	0	0.000109298639	4500
0.0001108	0.03155625	315.73125	1	100000	0.5	-2.87	0	0.000109294748	4500
0.000101	0.03155625	316.3460938	1	100000	0.5	-2.87	0	0.000109297821	4500
9.32e-05	0.03155625	316.9609375	1	100000	0.5	-2.87	0	0.00010929527	4500
8.75e-05	0.03155625	317.5757812	1	100000	0.5	-2.87	0	0.000109295667	4500
8.52e-05	0.03155625	318.190625	1	100000	0.5	-2.87	0	0.000109297142	4500
8.63e-05	0.03155625	318.8054687	1	100000	0.5	-2.87	0	0.000109297904	4500
9.03e-05	0.03155625	319.4203125	1	100000	0.5	-2.87	0	0.000109299569	4500
9.73e-05	0.03155625	320.0351562	1	100000	0.5	-2.87	0	0.000109297662	4500
0.0001064	0.03155625	320.65	1	100000	0.5	-2.87	0	0.000109298459	4500
0.0001171	0.03155625	321.2648438	1	100000	0.5	-2.87	0	0.000109299789	4500
0.0001289	0.03155625	321.8796875	1	100000	0.5	-2.87	0	0.000109292294	4500
0.0001421	0.03155625	322.4945313	1	100000	0.5	-2.87	0	0.000109296632	4500
0.000156	0.03155625	323.109375	1	100000	0.5	-2.87	0	0.000109300139	4500
0.0001705	0.03155625	323.7242187	1	100000	0.5	-2.87	0	0.000109297356	4500
0.0001855	0.03155625	324.3390625	1	100000	0.5	-2.87	0	0.000109296867	4500
0.0002001	0.03155625	324.9539062	1	100000	0.5	-2.87	0	0.000109294434	4500
0.0002151	0.03155625	325.56875	1	100000	0.5	-2.87	0	0.000109300149	4500
0.000231	0.03155625	326.1835938	1	100000	0.5	-2.87	0	0.000109296217	4500
0.0002463	0.03155625	326.7984375	1	100000	0.5	-2.87	0	0.000109296909	4500
0.0002619	0.03155625	327.4132813	1	100000	0.5	-2.87	0	0.00010929781	4500
0.0002783	0.03155625	328.028125	1	100000	0.5	-2.87	0	0.000109296711	4500
0.0002946	0.03155625	328.6429688	1	100000	0.5	-2.87	0	0.000109296564	4500
0.0003114	0.03155625	329.2578125	1	100000	0.5	-2.87	0	0.000109298393	4500
0.0003271	0.03155625	329.8726562	1	100000	0.5	-2.87	0	0.000109296847	4500
0.0003432	0.03155625	330.4875	1	100000	0.5	-2.87	0	0.000109297856	4500
0.0003587	0.03155625	331.1023437	1	100000	0.5	-2.87	0	0.000109297121	4500
0.0003745	0.03155625	331.7171875	1	100000	0.5	-2.87	0	0.000109295144	4500
0.0003907	0.03155625	332.3320312	1	100000	0.5	-2.87	0	0.000109299551	4500
0.000407	0.03155625	332.946875	1	100000	0.5	-2.87	0	0.000109295585	4500
0.0004233	0.03155625	333.5617188	1	100000	0.5	-2.87	0	0.000109296012	4500
0.0004398	0.03155625	334.1765625	1	100000	0.5	-2.87	0	0.000109298784	4500
0.0004561	0.03155625	334.7914063	1	100000	0.5	-2.87	0	0.000109298177	4500
0.0004732	0.03155625	335.40625	1	100000	0.5	-2.87	0	0.00010929258	4500
0.0004899	0.03155625	336.0210937	1	100000	0.5	-2.87	0	0.000109297409	4500
0.0005065	0.03155625	336.6359375	1	100000	0.5	-2.87	0	0.000109299976	4500
0.000523	0.03155625	337.2507812	1	100000	0.5	-2.87	0	0.000109304768	4500
0.0005395	0.03155625	337.865625	1	100000	0.5	-2.87	0	0.000109303988	4500
0.0005555	0.03155625	338.4804688	1	100000	0.5	-2.87	0	0.000109292112	4500
0.0005719	0.03155625	339.0953125	1	100000	0.5	-2.87	0	0.000109288604	4500
0.0005887	0.03155625	339.7101563	1	100000	0.5	-2.87	0	0.000109283641	4500
0.0006045	0.03155625	340.325	1	100000	0.5	-2.87	0	0.000109283911	4500
0.0006212	0.03155625	340.9398438	1	100000	0.5	-2.87	0	0.000109286601	4500
0.0006371	0.03155625	341.5546875	1	100000	0.5	-2.87	0	0.000109287577	4500
0.0006529	0.03155625	342.1695312	1	100000	0.5	-2.87	0	0.000109286813	4500
0.0006692	0.03155625	342.784375	1	100000	0.5	-2.87	0	0.000109288717	4500
0.0006856	0.03155625	343.3992187	1	100000	0.5	-2.87	0	0.00010928814	4500
0.0007022	0.03155625	344.0140625	1	100000	0.5	-2.87	0	0.000109288232	4500
0.0007186	0.03155625	344.6289062	1	100000	0.5	-2.87	0	0.000109288465	4500
0.0007346	0.03155625	345.24375	1	100000	0.5	-2.87	0	0.00010928982	4500
0.0007516	0.03155625	345.8585938	1	100000	0.5	-2.87	0	0.000109286075	4500
0.0007679	0.03155625	346.4734375	1	100000	0.5	-2.87	0	0.000109287978	4500
0.0007836	0.03155625	347.0882813	1	100000	0.5	-2.87	0	0.000109289206	4500
0.0007997	0.03155625	347.703125	1	100000	0.5	-2.87	0	0.000109285815	4500
0.0008159	0.03155625	348.3179687	1	100000	0.5	-2.87	0	0.000109289874	4500
0.0008325	0.03155625	348.9328125	1	100000	0.5	-2.87	0	0.000109293817	4500
0.0008489	0.03155625	349.5476562	1	100000	0.5	-2.87	0	0.000109295486	4500
0.0008651	0.03155625	350.1625	1	100000	0.5	-2.87	0	0.000109290927	4500
0.0008818	0.03155625	350.7773438	1	100000	0.5	-2.87	0	0.000109290857	4500
0.0008973	0.03155625	351.3921875	1	100000	0.5	-2.87	0	0.000109286849	4500
0.0009137	0.03155625	352.0070313	1	100000	0.5	-2.87	0	0.000109282565	4500
0.0009293	0.03155625	352.621875	1	100000	0.5	-2.87	0	0.000109285828	4500
0.0009448	0.03155625	353.2367188	1	100000	0.5	-2.87	0	0.000109284254	4500
0.0009609	0.03155625	353.8515625	1	100000	0.5	-2.87	0	0.000109288296	4500
0.000977	0.03155625	354.4664062	1	100000	0.5	-2.87	0	0.000109285212	4500
0.0009931	0.03155625	355.08125	1	100000	0.5	-2.87	0	0.000109288605	4500
0.001009	0.03155625	355.6960937	1	100000	0.5	-2.87	0	0.000109287513	4500
0.0010244	0.03155625	356.3109375	1	100000	0.5	-2.87	0	0.000109286142	4500
0.0010399	0.03155625	356.9257812	1	100000	0.5	-2.87	0	0.000109287764	4500
0.0010555	0.03155625	357.540625	1	100000	0.5	-2.87	0	0.000109289897	4500
0.0010715	0.03155625	358.1554688	1	100000	0.5	-2.87	0	0.000109298503	4500
0.0010877	0.03155625	358.7703125	1	100000	0.5	-2.87	0	0.000109301487	4500
0.0011037	0.03155625	359.3851563	1	100000	0.5	-2.87	0	0.000109302641	4500
0.0011196	0.03155625	360	1	100000	0.5	-2.87	0	0.000109305441	4500

