# U_ac_out	U_osc_ref	Pha_ref	U_osc_dut	R_ref	V_DS	V_GS	V_DUT	I_D	FRQ
0.0005104	0	300.9375	1	100000	0.5	-2.87	0	0.000109001423	1385
0.0005126	0.00071875	300.9375	1	100000	0.5	-2.87	0	0.000109005548	1385
0.000512	0.0014375	300.9375	1	100000	0.5	-2.87	0	0.000108999104	1385
0.0005086	0.00215625	300.9375	1	100000	0.5	-2.87	0	0.000109008532	1385
0.000499	0.002875	300.9375	1	100000	0.5	-2.87	0	0.000109008488	1385
0.0004808	0.00359375	300.9375	1	100000	0.5	-2.87	0	0.000109009261	1385
0.0004532	0.0043125	300.9375	1	100000	0.5	-2.87	0	0.000109000225	1385
0.0004206	0.00503125	300.9375	1	100000	0.5	-2.87	0	0.000109008688	1385
0.0003854	0.00575	300.9375	1	100000	0.5	-2.87	0	0.000109004884	1385
0.0003496	0.00646875	300.9375	1	100000	0.5	-2.87	0	0.000109007947	1385
0.0003136	0.0071875	300.9375	1	100000	0.5	-2.87	0	0.000109004342	1385
0.000279	0.00790625	300.9375	1	100000	0.5	-2.87	0	0.000109003833	1385
0.0002454	0.008625	300.9375	1	100000	0.5	-2.87	0	0.000109004341	1385
0.0002152	0.00934375	300.9375	1	100000	0.5	-2.87	0	0.000109008519	1385
0.0001876	0.0100625	300.9375	1	100000	0.5	-2.87	0	0.000109004109	1385
0.0001664	0.01078125	300.9375	1	100000	0.5	-2.87	0	0.00010900792	1385
0.0001524	0.0115	300.9375	1	100000	0.5	-2.87	0	0.000109001934	1385
0.0001486	0.01221875	300.9375	1	100000	0.5	-2.87	0	0.00010900172	1385
0.0001552	0.0129375	300.9375	1	100000	0.5	-2.87	0	0.000109006209	1385
0.0001708	0.01365625	300.9375	1	100000	0.5	-2.87	0	0.000109001531	1385
0.0001946	0.014375	300.9375	1	100000	0.5	-2.87	0	0.000108998337	1385
0.0002228	0.01509375	300.9375	1	100000	0.5	-2.87	0	0.000109009012	1385
0.000254	0.0158125	300.9375	1	100000	0.5	-2.87	0	0.000108999451	1385
0.0002872	0.01653125	300.9375	1	100000	0.5	-2.87	0	0.000108999286	1385
0.000321	0.01725	300.9375	1	100000	0.5	-2.87	0	0.000109007408	1385
0.0003566	0.01796875	300.9375	1	100000	0.5	-2.87	0	0.000108997165	1385
0.0003936	0.0186875	300.9375	1	100000	0.5	-2.87	0	0.000109004521	1385
0.000432	0.01940625	300.9375	1	100000	0.5	-2.87	0	0.000109010597	1385
0.0004696	0.020125	300.9375	1	100000	0.5	-2.87	0	0.000109009253	1385
0.000508	0.02084375	300.9375	1	100000	0.5	-2.87	0	0.000109009885	1385
0.0005472	0.0215625	300.9375	1	100000	0.5	-2.87	0	0.000109011221	1385
0.000586	0.02228125	300.9375	1	100000	0.5	-2.87	0	0.000108992625	1385
0.0006242	0.023	300.9375	1	100000	0.5	-2.87	0	0.000108998633	1385
0.0006634	0.02371875	300.9375	1	100000	0.5	-2.87	0	0.000109016408	1385
0.000702	0.0244375	300.9375	1	100000	0.5	-2.87	0	0.000108996786	1385
0.0007414	0.02515625	300.9375	1	100000	0.5	-2.87	0	0.000109003418	1385
0.0007806	0.025875	300.9375	1	100000	0.5	-2.87	0	0.000109011831	1385
0.0008198	0.02659375	300.9375	1	100000	0.5	-2.87	0	0.000109002535	1385
0.0008596	0.0273125	300.9375	1	100000	0.5	-2.87	0	0.000108999122	1385
0.0008998	0.02803125	300.9375	1	100000	0.5	-2.87	0	0.000109022264	1385
0.00094	0.02875	300.9375	1	100000	0.5	-2.87	0	0.000109001405	1385
0.00098	0.02946875	300.9375	1	100000	0.5	-2.87	0	0.000109014255	1385
0.0010188	0.0301875	300.9375	1	100000	0.5	-2.87	0	0.000109023018	1385
0.001058	0.03090625	300.9375	1	100000	0.5	-2.87	0	0.000109028864	1385
0.0010962	0.031625	300.9375	1	100000	0.5	-2.87	0	0.0001089961	1385
0.0011358	0.03234375	300.9375	1	100000	0.5	-2.87	0	0.000109027223	1385
0.001175	0.0330625	300.9375	1	100000	0.5	-2.87	0	0.000109021216	1385
0.0012164	0.03378125	300.9375	1	100000	0.5	-2.87	0	0.000109005545	1385
0.0012572	0.0345	300.9375	1	100000	0.5	-2.87	0	0.000109022602	1385
0.0012974	0.03521875	300.9375	1	100000	0.5	-2.87	0	0.000108997753	1385
0.0013366	0.0359375	300.9375	1	100000	0.5	-2.87	0	0.00010899462	1385
0.0013766	0.03665625	300.9375	1	100000	0.5	-2.87	0	0.000109010118	1385
0.0014176	0.037375	300.9375	1	100000	0.5	-2.87	0	0.000108999892	1385
0.0014572	0.03809375	300.9375	1	100000	0.5	-2.87	0	0.000108991565	1385
0.001497	0.0388125	300.9375	1	100000	0.5	-2.87	0	0.00010898962	1385
0.0015364	0.03953125	300.9375	1	100000	0.5	-2.87	0	0.000109024785	1385
0.001577	0.04025	300.9375	1	100000	0.5	-2.87	0	0.000108996315	1385
0.001616	0.04096875	300.9375	1	100000	0.5	-2.87	0	0.000109037196	1385
0.0016558	0.0416875	300.9375	1	100000	0.5	-2.87	0	0.000109031753	1385
0.0016952	0.04240625	300.9375	1	100000	0.5	-2.87	0	0.000109034461	1385
0.0017356	0.043125	300.9375	1	100000	0.5	-2.87	0	0.000108987384	1385
0.0017748	0.04384375	300.9375	1	100000	0.5	-2.87	0	0.000108989714	1385
0.0018158	0.0445625	300.9375	1	100000	0.5	-2.87	0	0.000108993079	1385
0.001855	0.04528125	300.9375	1	100000	0.5	-2.87	0	0.00010903341	1385
0.0018952	0.046	300.9375	1	100000	0.5	-2.87	0	0.000109020925	1385
0.001936	0.04671875	300.9375	1	100000	0.5	-2.87	0	0.000108989341	1385
0.0019766	0.0474375	300.9375	1	100000	0.5	-2.87	0	0.000109006378	1385
0.002017	0.04815625	300.9375	1	100000	0.5	-2.87	0	0.000109004854	1385
0.0020574	0.048875	300.9375	1	100000	0.5	-2.87	0	0.000108988284	1385
0.0020972	0.04959375	300.9375	1	100000	0.5	-2.87	0	0.000109017295	1385
0.0021372	0.0503125	300.9375	1	100000	0.5	-2.87	0	0.000109039074	1385
0.0021768	0.05103125	300.9375	1	100000	0.5	-2.87	0	0.000109002779	1385
0.0022188	0.05175	300.9375	1	100000	0.5	-2.87	0	0.000108983932	1385
0.0022578	0.05246875	300.9375	1	100000	0.5	-2.87	0	0.000108997642	1385
0.0022964	0.0531875	300.9375	1	100000	0.5	-2.87	0	0.000109043274	1385
0.0023362	0.05390625	300.9375	1	100000	0.5	-2.87	0	0.000109013434	1385
0.0023752	0.054625	300.9375	1	100000	0.5	-2.87	0	0.000109044853	1385
0.002415	0.05534375	300.9375	1	100000	0.5	-2.87	0	0.000109036911	1385
0.0024542	0.0560625	300.9375	1	100000	0.5	-2.87	0	0.00010903554	1385
0.0024958	0.05678125	300.9375	1	100000	0.5	-2.87	0	0.000109003988	1385
0.0025358	0.0575	300.9375	1	100000	0.5	-2.87	0	0.000109009265	1385
0.0025766	0.0575	300.9375	1	100000	0.5	-2.87	0	0.00010904528	1385

