# U_ac_out	U_osc_ref	Pha_ref	U_osc_dut	R_ref	V_DS	V_GS	V_DUT	I_D	FRQ
0.002782	0.0265	166.5	1	100000	0.5	-2.87	0	0.000109292651	4500
0.002782	0.0265	168.91875	1	100000	0.5	-2.87	0	0.000109293772	4500
0.0027815	0.0265	171.3375	1	100000	0.5	-2.87	0	0.000109292761	4500
0.0027785	0.0265	173.75625	1	100000	0.5	-2.87	0	0.000109297239	4500
0.0027695	0.0265	176.175	1	100000	0.5	-2.87	0	0.000109296721	4500
0.002756	0.0265	178.59375	1	100000	0.5	-2.87	0	0.000109297736	4500
0.0027385	0.0265	181.0125	1	100000	0.5	-2.87	0	0.000109301452	4500
0.002719	0.0265	183.43125	1	100000	0.5	-2.87	0	0.000109300625	4500
0.002699	0.0265	185.85	1	100000	0.5	-2.87	0	0.000109296444	4500
0.002677	0.0265	188.26875	1	100000	0.5	-2.87	0	0.000109294775	4500
0.0026545	0.0265	190.6875	1	100000	0.5	-2.87	0	0.000109295922	4500
0.002631	0.0265	193.10625	1	100000	0.5	-2.87	0	0.000109293963	4500
0.002606	0.0265	195.525	1	100000	0.5	-2.87	0	0.000109295458	4500
0.0025805	0.0265	197.94375	1	100000	0.5	-2.87	0	0.000109295355	4500
0.002553	0.0265	200.3625	1	100000	0.5	-2.87	0	0.000109296638	4500
0.0025225	0.0265	202.78125	1	100000	0.5	-2.87	0	0.000109294518	4500
0.002493	0.0265	205.2	1	100000	0.5	-2.87	0	0.000109300454	4500
0.0024625	0.0265	207.61875	1	100000	0.5	-2.87	0	0.000109300502	4500
0.0024305	0.0265	210.0375	1	100000	0.5	-2.87	0	0.000109296741	4500
0.0023975	0.0265	212.45625	1	100000	0.5	-2.87	0	0.000109293162	4500
0.0023645	0.0265	214.875	1	100000	0.5	-2.87	0	0.000109292971	4500
0.0023295	0.0265	217.29375	1	100000	0.5	-2.87	0	0.000109298709	4500
0.002294	0.0265	219.7125	1	100000	0.5	-2.87	0	0.000109294765	4500
0.0022565	0.0265	222.13125	1	100000	0.5	-2.87	0	0.000109290403	4500
0.0022185	0.0265	224.55	1	100000	0.5	-2.87	0	0.000109292172	4500
0.0021795	0.0265	226.96875	1	100000	0.5	-2.87	0	0.000109291462	4500
0.0021375	0.0265	229.3875	1	100000	0.5	-2.87	0	0.000109290615	4500
0.002096	0.0265	231.80625	1	100000	0.5	-2.87	0	0.00010929151	4500
0.002055	0.0265	234.225	1	100000	0.5	-2.87	0	0.000109294855	4500
0.0020125	0.0265	236.64375	1	100000	0.5	-2.87	0	0.000109292656	4500
0.0019675	0.0265	239.0625	1	100000	0.5	-2.87	0	0.000109291545	4500
0.0019235	0.0265	241.48125	1	100000	0.5	-2.87	0	0.000109292063	4500
0.001878	0.0265	243.9	1	100000	0.5	-2.87	0	0.00010929326	4500
0.0018325	0.0265	246.31875	1	100000	0.5	-2.87	0	0.000109292539	4500
0.0017845	0.0265	248.7375	1	100000	0.5	-2.87	0	0.000109293978	4500
0.001736	0.0265	251.15625	1	100000	0.5	-2.87	0	0.000109292294	4500
0.0016875	0.0265	253.575	1	100000	0.5	-2.87	0	0.000109290226	4500
0.0016385	0.0265	255.99375	1	100000	0.5	-2.87	0	0.000109290665	4500
0.0015895	0.0265	258.4125	1	100000	0.5	-2.87	0	0.000109290206	4500
0.0015395	0.0265	260.83125	1	100000	0.5	-2.87	0	0.000109288184	4500
0.00149	0.0265	263.25	1	100000	0.5	-2.87	0	0.000109284432	4500
0.0014365	0.0265	265.66875	1	100000	0.5	-2.87	0	0.000109290921	4500
0.001384	0.0265	268.0875	1	100000	0.5	-2.87	0	0.000109289983	4500
0.001331	0.0265	270.50625	1	100000	0.5	-2.87	0	0.000109291596	4500
0.0012775	0.0265	272.925	1	100000	0.5	-2.87	0	0.000109293378	4500
0.001224	0.0265	275.34375	1	100000	0.5	-2.87	0	0.000109294528	4500
0.0011695	0.0265	277.7625	1	100000	0.5	-2.87	0	0.000109291533	4500
0.001114	0.0265	280.18125	1	100000	0.5	-2.87	0	0.000109292591	4500
0.0010565	0.0265	282.6	1	100000	0.5	-2.87	0	0.000109293018	4500
0.0010005	0.0265	285.01875	1	100000	0.5	-2.87	0	0.000109292696	4500
0.000944	0.0265	287.4375	1	100000	0.5	-2.87	0	0.000109295007	4500
0.0008875	0.0265	289.85625	1	100000	0.5	-2.87	0	0.00010929719	4500
0.00083	0.0265	292.275	1	100000	0.5	-2.87	0	0.000109296331	4500
0.0007745	0.0265	294.69375	1	100000	0.5	-2.87	0	0.000109294169	4500
0.0007175	0.0265	297.1125	1	100000	0.5	-2.87	0	0.000109297189	4500
0.000661	0.0265	299.53125	1	100000	0.5	-2.87	0	0.000109297327	4500
0.0006035	0.0265	301.95	1	100000	0.5	-2.87	0	0.000109297589	4500
0.000547	0.0265	304.36875	1	100000	0.5	-2.87	0	0.00010929619	4500
0.0004905	0.0265	306.7875	1	100000	0.5	-2.87	0	0.000109296384	4500
0.0004325	0.0265	309.20625	1	100000	0.5	-2.87	0	0.000109295405	4500
0.000378	0.0265	311.625	1	100000	0.5	-2.87	0	0.0001092982	4500
0.000325	0.0265	314.04375	1	100000	0.5	-2.87	0	0.00010929846	4500
0.0002755	0.0265	316.4625	1	100000	0.5	-2.87	0	0.00010930079	4500
0.000231	0.0265	318.88125	1	100000	0.5	-2.87	0	0.000109299845	4500
0.0001965	0.0265	321.3	1	100000	0.5	-2.87	0	0.000109298418	4500
0.000174	0.0265	323.71875	1	100000	0.5	-2.87	0	0.000109296177	4500
0.0001715	0.0265	326.1375	1	100000	0.5	-2.87	0	0.000109295528	4500
0.000189	0.0265	328.55625	1	100000	0.5	-2.87	0	0.000109299398	4500
0.0002235	0.0265	330.975	1	100000	0.5	-2.87	0	0.000109299039	4500
0.000267	0.0265	333.39375	1	100000	0.5	-2.87	0	0.000109298577	4500
0.000317	0.0265	335.8125	1	100000	0.5	-2.87	0	0.000109297638	4500
0.000368	0.0265	338.23125	1	100000	0.5	-2.87	0	0.000109296361	4500
0.000422	0.0265	340.65	1	100000	0.5	-2.87	0	0.000109300066	4500
0.0004775	0.0265	343.06875	1	100000	0.5	-2.87	0	0.000109300705	4500
0.0005335	0.0265	345.4875	1	100000	0.5	-2.87	0	0.000109303197	4500
0.00059	0.0265	347.90625	1	100000	0.5	-2.87	0	0.000109303088	4500
0.0006465	0.0265	350.325	1	100000	0.5	-2.87	0	0.000109295243	4500
0.0007035	0.0265	352.74375	1	100000	0.5	-2.87	0	0.000109297889	4500
0.0007605	0.0265	355.1625	1	100000	0.5	-2.87	0	0.000109298521	4500
0.000818	0.0265	357.58125	1	100000	0.5	-2.87	0	0.000109296273	4500
0.000874	0.0265	360	1	100000	0.5	-2.87	0	0.000109294728	4500

