# U_ac_out	U_osc_ref	Pha_ref	U_osc_dut	R_ref	V_DS	V_GS	V_DUT	I_D	FRQ
2.436e-05	0.01356	288.82	1	100000	0.5	-2.87	0	0.000108876082	200
2.434e-05	0.01356	288.87	1	100000	0.5	-2.87	0	0.000108877396	200
2.476e-05	0.01356	288.92	1	100000	0.5	-2.87	0	0.000108878604	200
2.452e-05	0.01356	288.97	1	100000	0.5	-2.87	0	0.000108878979	200
2.382e-05	0.01356	289.02	1	100000	0.5	-2.87	0	0.000108877999	200
2.324e-05	0.01356	289.07	1	100000	0.5	-2.87	0	0.000108875412	200
2.266e-05	0.01356	289.12	1	100000	0.5	-2.87	0	0.000108877123	200
2.214e-05	0.01356	289.17	1	100000	0.5	-2.87	0	0.000108873991	200
2.16e-05	0.01356	289.22	1	100000	0.5	-2.87	0	0.000108869838	200
2.136e-05	0.01356	289.27	1	100000	0.5	-2.87	0	0.000108873103	200
2.062e-05	0.01356	289.32	1	100000	0.5	-2.87	0	0.000108872811	200
1.982e-05	0.01356	289.37	1	100000	0.5	-2.87	0	0.000108872797	200
1.944e-05	0.01356	289.42	1	100000	0.5	-2.87	0	0.000108873838	200
1.902e-05	0.01356	289.47	1	100000	0.5	-2.87	0	0.000108873918	200
1.848e-05	0.01356	289.52	1	100000	0.5	-2.87	0	0.000108871594	200
1.774e-05	0.01356	289.57	1	100000	0.5	-2.87	0	0.000108873427	200
1.746e-05	0.01356	289.62	1	100000	0.5	-2.87	0	0.000108873321	200
1.724e-05	0.01356	289.67	1	100000	0.5	-2.87	0	0.000108872909	200
1.648e-05	0.01356	289.72	1	100000	0.5	-2.87	0	0.000108891449	200
1.564e-05	0.01356	289.77	1	100000	0.5	-2.87	0	0.000108882707	200
1.55e-05	0.01356	289.82	1	100000	0.5	-2.87	0	0.000108881732	200
1.526e-05	0.01356	289.87	1	100000	0.5	-2.87	0	0.000108889333	200
1.484e-05	0.01356	289.92	1	100000	0.5	-2.87	0	0.000108902162	200
1.452e-05	0.01356	289.97	1	100000	0.5	-2.87	0	0.000108877635	200
1.432e-05	0.01356	290.02	1	100000	0.5	-2.87	0	0.000108880747	200
1.382e-05	0.01356	290.07	1	100000	0.5	-2.87	0	0.000108881268	200
1.372e-05	0.01356	290.12	1	100000	0.5	-2.87	0	0.000108877853	200
1.384e-05	0.01356	290.17	1	100000	0.5	-2.87	0	0.00010887943	200
1.338e-05	0.01356	290.22	1	100000	0.5	-2.87	0	0.000108875121	200
1.32e-05	0.01356	290.27	1	100000	0.5	-2.87	0	0.000108876531	200
1.276e-05	0.01356	290.32	1	100000	0.5	-2.87	0	0.000108875289	200
1.238e-05	0.01356	290.37	1	100000	0.5	-2.87	0	0.000108872279	200
1.184e-05	0.01356	290.42	1	100000	0.5	-2.87	0	0.000108873837	200
1.164e-05	0.01356	290.47	1	100000	0.5	-2.87	0	0.000108871817	200
1.174e-05	0.01356	290.52	1	100000	0.5	-2.87	0	0.00010887089	200
1.204e-05	0.01356	290.57	1	100000	0.5	-2.87	0	0.000108872094	200
1.174e-05	0.01356	290.62	1	100000	0.5	-2.87	0	0.000108873632	200
1.186e-05	0.01356	290.67	1	100000	0.5	-2.87	0	0.000108872926	200
1.212e-05	0.01356	290.72	1	100000	0.5	-2.87	0	0.000108875797	200
1.204e-05	0.01356	290.77	1	100000	0.5	-2.87	0	0.000108872033	200
1.18e-05	0.01356	290.82	1	100000	0.5	-2.87	0	0.000108877408	200
1.246e-05	0.01356	290.87	1	100000	0.5	-2.87	0	0.000108875383	200
1.276e-05	0.01356	290.92	1	100000	0.5	-2.87	0	0.000108868665	200
1.248e-05	0.01356	290.97	1	100000	0.5	-2.87	0	0.000108872395	200
1.28e-05	0.01356	291.02	1	100000	0.5	-2.87	0	0.000108874035	200
1.332e-05	0.01356	291.07	1	100000	0.5	-2.87	0	0.000108871505	200
1.328e-05	0.01356	291.12	1	100000	0.5	-2.87	0	0.000108874109	200
1.362e-05	0.01356	291.17	1	100000	0.5	-2.87	0	0.000108871767	200
1.418e-05	0.01356	291.22	1	100000	0.5	-2.87	0	0.000108871391	200
1.438e-05	0.01356	291.27	1	100000	0.5	-2.87	0	0.000108870046	200
1.49e-05	0.01356	291.32	1	100000	0.5	-2.87	0	0.000108873939	200
1.538e-05	0.01356	291.37	1	100000	0.5	-2.87	0	0.000108872877	200
1.56e-05	0.01356	291.42	1	100000	0.5	-2.87	0	0.00010886964	200
1.622e-05	0.01356	291.47	1	100000	0.5	-2.87	0	0.000108874559	200
1.654e-05	0.01356	291.52	1	100000	0.5	-2.87	0	0.000108871638	200
1.702e-05	0.01356	291.57	1	100000	0.5	-2.87	0	0.000108870246	200
1.778e-05	0.01356	291.62	1	100000	0.5	-2.87	0	0.000108869733	200
1.838e-05	0.01356	291.67	1	100000	0.5	-2.87	0	0.000108870908	200
1.892e-05	0.01356	291.72	1	100000	0.5	-2.87	0	0.000108869922	200
1.976e-05	0.01356	291.77	1	100000	0.5	-2.87	0	0.000108869834	200
2e-05	0.01356	291.82	1	100000	0.5	-2.87	0	0.00010887176	200
2.036e-05	0.01356	291.87	1	100000	0.5	-2.87	0	0.000108870507	200
2.066e-05	0.01356	291.92	1	100000	0.5	-2.87	0	0.000108866871	200
2.086e-05	0.01356	291.97	1	100000	0.5	-2.87	0	0.000108870086	200
2.17e-05	0.01356	292.02	1	100000	0.5	-2.87	0	0.000108868673	200
2.232e-05	0.01356	292.07	1	100000	0.5	-2.87	0	0.000108868953	200
2.284e-05	0.01356	292.12	1	100000	0.5	-2.87	0	0.000108868587	200
2.382e-05	0.01356	292.17	1	100000	0.5	-2.87	0	0.000108871135	200
2.43e-05	0.01356	292.22	1	100000	0.5	-2.87	0	0.000108870248	200
2.456e-05	0.01356	292.27	1	100000	0.5	-2.87	0	0.000108872029	200
2.512e-05	0.01356	292.32	1	100000	0.5	-2.87	0	0.000108869637	200
2.572e-05	0.01356	292.37	1	100000	0.5	-2.87	0	0.000108867783	200
2.656e-05	0.01356	292.42	1	100000	0.5	-2.87	0	0.000108869294	200
2.704e-05	0.01356	292.47	1	100000	0.5	-2.87	0	0.000108869704	200
2.712e-05	0.01356	292.52	1	100000	0.5	-2.87	0	0.000108868059	200
2.776e-05	0.01356	292.57	1	100000	0.5	-2.87	0	0.000108863195	200
2.844e-05	0.01356	292.62	1	100000	0.5	-2.87	0	0.000108867307	200
2.894e-05	0.01356	292.67	1	100000	0.5	-2.87	0	0.000108867575	200
2.948e-05	0.01356	292.72	1	100000	0.5	-2.87	0	0.000108867715	200
3.028e-05	0.01356	292.77	1	100000	0.5	-2.87	0	0.000108869801	200
3.11e-05	0.01356	292.82	1	100000	0.5	-2.87	0	0.000108870375	200
3.196e-05	0.01356	292.87	1	100000	0.5	-2.87	0	0.000108870255	200
3.268e-05	0.01356	292.92	1	100000	0.5	-2.87	0	0.000108873759	200
3.314e-05	0.01356	292.97	1	100000	0.5	-2.87	0	0.000108868083	200
3.348e-05	0.01356	293.02	1	100000	0.5	-2.87	0	0.000108871356	200
3.402e-05	0.01356	293.07	1	100000	0.5	-2.87	0	0.000108871825	200
3.472e-05	0.01356	293.12	1	100000	0.5	-2.87	0	0.000108870004	200
3.544e-05	0.01356	293.17	1	100000	0.5	-2.87	0	0.000108872399	200
3.622e-05	0.01356	293.22	1	100000	0.5	-2.87	0	0.000108868048	200
3.67e-05	0.01356	293.27	1	100000	0.5	-2.87	0	0.000108870752	200
3.726e-05	0.01356	293.32	1	100000	0.5	-2.87	0	0.000108866163	200
3.766e-05	0.01356	293.37	1	100000	0.5	-2.87	0	0.000108868336	200
3.842e-05	0.01356	293.42	1	100000	0.5	-2.87	0	0.000108866147	200
3.91e-05	0.01356	293.47	1	100000	0.5	-2.87	0	0.000108859418	200
3.98e-05	0.01356	293.52	1	100000	0.5	-2.87	0	0.00010886306	200
4.04e-05	0.01356	293.57	1	100000	0.5	-2.87	0	0.000108863066	200
4.132e-05	0.01356	293.62	1	100000	0.5	-2.87	0	0.000108862834	200
4.184e-05	0.01356	293.67	1	100000	0.5	-2.87	0	0.000108864934	200
4.23e-05	0.01356	293.72	1	100000	0.5	-2.87	0	0.000108870115	200
4.296e-05	0.01356	293.77	1	100000	0.5	-2.87	0	0.000108870584	200
4.344e-05	0.01356	293.82	1	100000	0.5	-2.87	0	0.000108869223	200

