# U_ac_out	U_osc_ref	Pha_ref	U_osc_dut	R_ref	V_DS	V_GS	V_DUT	I_D	FRQ
9.3e-06	0.02995625	316.91875	1	100000	0.5	-2.87	0	0.000109304321	4500
9.22e-06	0.02995875	316.91875	1	100000	0.5	-2.87	0	0.000109303029	4500
9.06e-06	0.02996125	316.91875	1	100000	0.5	-2.87	0	0.000109303553	4500
9.16e-06	0.02996375	316.91875	1	100000	0.5	-2.87	0	0.000109304139	4500
9.18e-06	0.02996625	316.91875	1	100000	0.5	-2.87	0	0.000109302961	4500
9.34e-06	0.02996875	316.91875	1	100000	0.5	-2.87	0	0.000109305704	4500
9.32e-06	0.02997125	316.91875	1	100000	0.5	-2.87	0	0.000109302952	4500
9.18e-06	0.02997375	316.91875	1	100000	0.5	-2.87	0	0.000109303959	4500
9.1e-06	0.02997625	316.91875	1	100000	0.5	-2.87	0	0.000109302431	4500
9.1e-06	0.02997875	316.91875	1	100000	0.5	-2.87	0	0.000109304053	4500
9.14e-06	0.02998125	316.91875	1	100000	0.5	-2.87	0	0.000109304035	4500
9.1e-06	0.02998375	316.91875	1	100000	0.5	-2.87	0	0.00010930091	4500
9e-06	0.02998625	316.91875	1	100000	0.5	-2.87	0	0.000109299118	4500
9.08e-06	0.02998875	316.91875	1	100000	0.5	-2.87	0	0.000109300572	4500
9.46e-06	0.02999125	316.91875	1	100000	0.5	-2.87	0	0.000109301019	4500
9.56e-06	0.02999375	316.91875	1	100000	0.5	-2.87	0	0.000109300166	4500
9.44e-06	0.02999625	316.91875	1	100000	0.5	-2.87	0	0.000109301684	4500
9.28e-06	0.02999875	316.91875	1	100000	0.5	-2.87	0	0.000109298665	4500
9.32e-06	0.03000125	316.91875	1	100000	0.5	-2.87	0	0.000109297821	4500
9.62e-06	0.03000375	316.91875	1	100000	0.5	-2.87	0	0.000109295805	4500
1.036e-05	0.03000625	316.91875	1	100000	0.5	-2.87	0	0.000109295387	4500
1.196e-05	0.03000875	316.91875	1	100000	0.5	-2.87	0	0.000109297031	4500
1.278e-05	0.03001125	316.91875	1	100000	0.5	-2.87	0	0.000109297126	4500
1.264e-05	0.03001375	316.91875	1	100000	0.5	-2.87	0	0.000109289394	4500
1.266e-05	0.03001625	316.91875	1	100000	0.5	-2.87	0	0.000109286831	4500
1.274e-05	0.03001875	316.91875	1	100000	0.5	-2.87	0	0.00010929214	4500
1.264e-05	0.03002125	316.91875	1	100000	0.5	-2.87	0	0.000109293761	4500
1.272e-05	0.03002375	316.91875	1	100000	0.5	-2.87	0	0.000109294918	4500
1.288e-05	0.03002625	316.91875	1	100000	0.5	-2.87	0	0.000109293292	4500
1.29e-05	0.03002875	316.91875	1	100000	0.5	-2.87	0	0.000109294413	4500
1.282e-05	0.03003125	316.91875	1	100000	0.5	-2.87	0	0.000109295764	4500
1.298e-05	0.03003375	316.91875	1	100000	0.5	-2.87	0	0.000109306203	4500
1.296e-05	0.03003625	316.91875	1	100000	0.5	-2.87	0	0.000109289236	4500
1.276e-05	0.03003875	316.91875	1	100000	0.5	-2.87	0	0.000109285998	4500
1.282e-05	0.03004125	316.91875	1	100000	0.5	-2.87	0	0.00010929462	4500
1.288e-05	0.03004375	316.91875	1	100000	0.5	-2.87	0	0.000109300184	4500
1.288e-05	0.03004625	316.91875	1	100000	0.5	-2.87	0	0.000109292704	4500
1.314e-05	0.03004875	316.91875	1	100000	0.5	-2.87	0	0.000109284072	4500
1.34e-05	0.03005125	316.91875	1	100000	0.5	-2.87	0	0.000109288188	4500
1.34e-05	0.03005375	316.91875	1	100000	0.5	-2.87	0	0.000109291993	4500
1.332e-05	0.03005625	316.91875	1	100000	0.5	-2.87	0	0.000109294902	4500
1.314e-05	0.03005875	316.91875	1	100000	0.5	-2.87	0	0.000109295262	4500
1.298e-05	0.03006125	316.91875	1	100000	0.5	-2.87	0	0.000109291188	4500
1.28e-05	0.03006375	316.91875	1	100000	0.5	-2.87	0	0.000109292963	4500
1.248e-05	0.03006625	316.91875	1	100000	0.5	-2.87	0	0.000109293743	4500
1.234e-05	0.03006875	316.91875	1	100000	0.5	-2.87	0	0.000109292842	4500
1.238e-05	0.03007125	316.91875	1	100000	0.5	-2.87	0	0.000109293582	4500
1.262e-05	0.03007375	316.91875	1	100000	0.5	-2.87	0	0.000109295662	4500
1.278e-05	0.03007625	316.91875	1	100000	0.5	-2.87	0	0.000109295896	4500
1.29e-05	0.03007875	316.91875	1	100000	0.5	-2.87	0	0.00010929491	4500
1.276e-05	0.03008125	316.91875	1	100000	0.5	-2.87	0	0.000109298592	4500
1.262e-05	0.03008375	316.91875	1	100000	0.5	-2.87	0	0.000109295916	4500
1.278e-05	0.03008625	316.91875	1	100000	0.5	-2.87	0	0.000109298275	4500
1.274e-05	0.03008875	316.91875	1	100000	0.5	-2.87	0	0.000109298595	4500
1.248e-05	0.03009125	316.91875	1	100000	0.5	-2.87	0	0.000109295134	4500
1.272e-05	0.03009375	316.91875	1	100000	0.5	-2.87	0	0.000109298364	4500
1.32e-05	0.03009625	316.91875	1	100000	0.5	-2.87	0	0.00010929527	4500
1.32e-05	0.03009875	316.91875	1	100000	0.5	-2.87	0	0.000109296846	4500
1.288e-05	0.03010125	316.91875	1	100000	0.5	-2.87	0	0.000109294417	4500
1.286e-05	0.03010375	316.91875	1	100000	0.5	-2.87	0	0.000109294711	4500
1.296e-05	0.03010625	316.91875	1	100000	0.5	-2.87	0	0.000109293362	4500
1.304e-05	0.03010875	316.91875	1	100000	0.5	-2.87	0	0.000109296159	4500
1.328e-05	0.03011125	316.91875	1	100000	0.5	-2.87	0	0.0001092928	4500
1.34e-05	0.03011375	316.91875	1	100000	0.5	-2.87	0	0.000109294552	4500
1.32e-05	0.03011625	316.91875	1	100000	0.5	-2.87	0	0.00010929298	4500
1.294e-05	0.03011875	316.91875	1	100000	0.5	-2.87	0	0.000109294175	4500
1.29e-05	0.03012125	316.91875	1	100000	0.5	-2.87	0	0.000109297174	4500
1.286e-05	0.03012375	316.91875	1	100000	0.5	-2.87	0	0.000109296782	4500
1.292e-05	0.03012625	316.91875	1	100000	0.5	-2.87	0	0.000109295079	4500
1.356e-05	0.03012875	316.91875	1	100000	0.5	-2.87	0	0.00010930211	4500
1.498e-05	0.03013125	316.91875	1	100000	0.5	-2.87	0	0.000109300169	4500
1.702e-05	0.03013375	316.91875	1	100000	0.5	-2.87	0	0.000109304968	4500
1.788e-05	0.03013625	316.91875	1	100000	0.5	-2.87	0	0.000109308023	4500
1.792e-05	0.03013875	316.91875	1	100000	0.5	-2.87	0	0.000109307146	4500
1.798e-05	0.03014125	316.91875	1	100000	0.5	-2.87	0	0.000109304482	4500
1.798e-05	0.03014375	316.91875	1	100000	0.5	-2.87	0	0.000109304579	4500
1.802e-05	0.03014625	316.91875	1	100000	0.5	-2.87	0	0.000109305615	4500
1.804e-05	0.03014875	316.91875	1	100000	0.5	-2.87	0	0.000109306648	4500
1.816e-05	0.03015125	316.91875	1	100000	0.5	-2.87	0	0.000109302229	4500
1.842e-05	0.03015375	316.91875	1	100000	0.5	-2.87	0	0.000109305232	4500
1.834e-05	0.03015625	316.91875	1	100000	0.5	-2.87	0	0.000109306783	4500

