# U_ac_out	U_osc_ref	Pha_ref	U_osc_dut	R_ref	V_DS	V_GS	V_DUT	I_D	FRQ
0.0015186	0	346.5	1	100000	0.5	-2.87	0	0.00010930408	4500
0.0015242	0.00125	346.5	1	100000	0.5	-2.87	0	0.000109303098	4500
0.0015196	0.0025	346.5	1	100000	0.5	-2.87	0	0.000109298545	4500
0.001496	0.00375	346.5	1	100000	0.5	-2.87	0	0.000109301963	4500
0.0014528	0.005	346.5	1	100000	0.5	-2.87	0	0.000109300275	4500
0.001403	0.00625	346.5	1	100000	0.5	-2.87	0	0.00010930477	4500
0.0013524	0.0075	346.5	1	100000	0.5	-2.87	0	0.000109304232	4500
0.0013	0.00875	346.5	1	100000	0.5	-2.87	0	0.000109301796	4500
0.0012488	0.01	346.5	1	100000	0.5	-2.87	0	0.000109289533	4500
0.0011986	0.01125	346.5	1	100000	0.5	-2.87	0	0.000109284513	4500
0.001147	0.0125	346.5	1	100000	0.5	-2.87	0	0.000109285687	4500
0.0011	0.01375	346.5	1	100000	0.5	-2.87	0	0.000109289494	4500
0.0010556	0.015	346.5	1	100000	0.5	-2.87	0	0.000109288198	4500
0.0010126	0.01625	346.5	1	100000	0.5	-2.87	0	0.000109294145	4500
0.0009726	0.0175	346.5	1	100000	0.5	-2.87	0	0.00010929885	4500
0.0009336	0.01875	346.5	1	100000	0.5	-2.87	0	0.00010930453	4500
0.000898	0.02	346.5	1	100000	0.5	-2.87	0	0.000109310641	4500
0.0008656	0.02125	346.5	1	100000	0.5	-2.87	0	0.000109313351	4500
0.0008376	0.0225	346.5	1	100000	0.5	-2.87	0	0.000109312299	4500
0.0008114	0.02375	346.5	1	100000	0.5	-2.87	0	0.000109310117	4500
0.0007918	0.025	346.5	1	100000	0.5	-2.87	0	0.000109311733	4500
0.0007764	0.02625	346.5	1	100000	0.5	-2.87	0	0.000109305484	4500
0.000766	0.0275	346.5	1	100000	0.5	-2.87	0	0.000109304398	4500
0.000761	0.02875	346.5	1	100000	0.5	-2.87	0	0.000109301579	4500
0.0007616	0.03	346.5	1	100000	0.5	-2.87	0	0.000109304195	4500
0.0007668	0.03125	346.5	1	100000	0.5	-2.87	0	0.000109304965	4500
0.0007778	0.0325	346.5	1	100000	0.5	-2.87	0	0.000109302077	4500
0.0007936	0.03375	346.5	1	100000	0.5	-2.87	0	0.000109302048	4500
0.0008142	0.035	346.5	1	100000	0.5	-2.87	0	0.000109302614	4500
0.0008398	0.03625	346.5	1	100000	0.5	-2.87	0	0.000109304926	4500
0.0008686	0.0375	346.5	1	100000	0.5	-2.87	0	0.000109301549	4500
0.000901	0.03875	346.5	1	100000	0.5	-2.87	0	0.000109301199	4500
0.0009356	0.04	346.5	1	100000	0.5	-2.87	0	0.000109299868	4500
0.0009738	0.04125	346.5	1	100000	0.5	-2.87	0	0.000109303599	4500
0.0010158	0.0425	346.5	1	100000	0.5	-2.87	0	0.000109302335	4500
0.0010606	0.04375	346.5	1	100000	0.5	-2.87	0	0.000109293505	4500
0.0011076	0.045	346.5	1	100000	0.5	-2.87	0	0.000109291891	4500
0.001154	0.04625	346.5	1	100000	0.5	-2.87	0	0.000109287593	4500
0.0012014	0.0475	346.5	1	100000	0.5	-2.87	0	0.000109281105	4500
0.0012514	0.04875	346.5	1	100000	0.5	-2.87	0	0.000109275667	4500
0.0013032	0.05	346.5	1	100000	0.5	-2.87	0	0.00010927492	4500
0.0013558	0.05125	346.5	1	100000	0.5	-2.87	0	0.000109277539	4500
0.0014086	0.0525	346.5	1	100000	0.5	-2.87	0	0.000109281197	4500
0.0014622	0.05375	346.5	1	100000	0.5	-2.87	0	0.000109281843	4500
0.0015176	0.055	346.5	1	100000	0.5	-2.87	0	0.000109281499	4500
0.0015732	0.05625	346.5	1	100000	0.5	-2.87	0	0.000109283544	4500
0.001629	0.0575	346.5	1	100000	0.5	-2.87	0	0.000109280557	4500
0.0016856	0.05875	346.5	1	100000	0.5	-2.87	0	0.000109284053	4500
0.001743	0.06	346.5	1	100000	0.5	-2.87	0	0.000109287272	4500
0.0018002	0.06125	346.5	1	100000	0.5	-2.87	0	0.000109287001	4500
0.0018586	0.0625	346.5	1	100000	0.5	-2.87	0	0.000109286609	4500
0.0019168	0.06375	346.5	1	100000	0.5	-2.87	0	0.000109286446	4500
0.0019748	0.065	346.5	1	100000	0.5	-2.87	0	0.000109288823	4500
0.0020334	0.06625	346.5	1	100000	0.5	-2.87	0	0.000109290568	4500
0.0020942	0.0675	346.5	1	100000	0.5	-2.87	0	0.000109290294	4500
0.0021556	0.06875	346.5	1	100000	0.5	-2.87	0	0.000109293292	4500
0.0022174	0.07	346.5	1	100000	0.5	-2.87	0	0.000109288856	4500
0.0022776	0.07125	346.5	1	100000	0.5	-2.87	0	0.000109284909	4500
0.0023368	0.0725	346.5	1	100000	0.5	-2.87	0	0.000109287746	4500
0.0023954	0.07375	346.5	1	100000	0.5	-2.87	0	0.000109286816	4500
0.0024556	0.075	346.5	1	100000	0.5	-2.87	0	0.000109295753	4500
0.0025162	0.07625	346.5	1	100000	0.5	-2.87	0	0.000109290965	4500
0.002577	0.0775	346.5	1	100000	0.5	-2.87	0	0.000109290482	4500
0.0026388	0.07875	346.5	1	100000	0.5	-2.87	0	0.000109291902	4500
0.0027028	0.08	346.5	1	100000	0.5	-2.87	0	0.000109308711	4500
0.002765	0.08125	346.5	1	100000	0.5	-2.87	0	0.000109286343	4500
0.0028252	0.0825	346.5	1	100000	0.5	-2.87	0	0.000109297618	4500
0.0028858	0.08375	346.5	1	100000	0.5	-2.87	0	0.000109294865	4500
0.0029474	0.085	346.5	1	100000	0.5	-2.87	0	0.000109291603	4500
0.003009	0.08625	346.5	1	100000	0.5	-2.87	0	0.000109297614	4500
0.0030732	0.0875	346.5	1	100000	0.5	-2.87	0	0.000109298075	4500
0.0031344	0.08875	346.5	1	100000	0.5	-2.87	0	0.000109294459	4500
0.003196	0.09	346.5	1	100000	0.5	-2.87	0	0.000109297756	4500
0.0032594	0.09125	346.5	1	100000	0.5	-2.87	0	0.000109290485	4500
0.0033192	0.0925	346.5	1	100000	0.5	-2.87	0	0.000109294626	4500
0.0033812	0.09375	346.5	1	100000	0.5	-2.87	0	0.00010929787	4500
0.0034434	0.095	346.5	1	100000	0.5	-2.87	0	0.000109291242	4500
0.0035066	0.09625	346.5	1	100000	0.5	-2.87	0	0.000109291933	4500
0.0035684	0.0975	346.5	1	100000	0.5	-2.87	0	0.000109297414	4500
0.0036334	0.09875	346.5	1	100000	0.5	-2.87	0	0.00010929634	4500
0.003694	0.1	346.5	1	100000	0.5	-2.87	0	0.000109291021	4500

