# U_ac_out	U_osc_ref	Pha_ref	U_osc_dut	R_ref	V_DS	V_GS	V_DUT	I_D	FRQ
0.000105	0.031	321.8334375	1	100000	0.5	-2.87	0	0.000109300474	5000
0.0001063	0.031125	321.8334375	1	100000	0.5	-2.87	0	0.000109300807	5000
0.0001056	0.03125	321.8334375	1	100000	0.5	-2.87	0	0.000109302078	5000
0.0001033	0.031375	321.8334375	1	100000	0.5	-2.87	0	0.000109298603	5000
9.84e-05	0.0315	321.8334375	1	100000	0.5	-2.87	0	0.000109301193	5000
9.29e-05	0.031625	321.8334375	1	100000	0.5	-2.87	0	0.000109297565	5000
8.72e-05	0.03175	321.8334375	1	100000	0.5	-2.87	0	0.000109297544	5000
8.11e-05	0.031875	321.8334375	1	100000	0.5	-2.87	0	0.000109294796	5000
7.52e-05	0.032	321.8334375	1	100000	0.5	-2.87	0	0.000109293459	5000
6.88e-05	0.032125	321.8334375	1	100000	0.5	-2.87	0	0.000109296743	5000
6.19e-05	0.03225	321.8334375	1	100000	0.5	-2.87	0	0.000109298159	5000
5.56e-05	0.032375	321.8334375	1	100000	0.5	-2.87	0	0.000109298126	5000
4.97e-05	0.0325	321.8334375	1	100000	0.5	-2.87	0	0.000109297475	5000
4.32e-05	0.032625	321.8334375	1	100000	0.5	-2.87	0	0.000109300039	5000
3.67e-05	0.03275	321.8334375	1	100000	0.5	-2.87	0	0.000109298918	5000
3.05e-05	0.032875	321.8334375	1	100000	0.5	-2.87	0	0.000109298103	5000
2.43e-05	0.033	321.8334375	1	100000	0.5	-2.87	0	0.00010929778	5000
1.85e-05	0.033125	321.8334375	1	100000	0.5	-2.87	0	0.000109301243	5000
1.24e-05	0.03325	321.8334375	1	100000	0.5	-2.87	0	0.000109300843	5000
6e-06	0.033375	321.8334375	1	100000	0.5	-2.87	0	0.000109302035	5000
1.2e-06	0.0335	321.8334375	1	100000	0.5	-2.87	0	0.000109305192	5000
6.1e-06	0.033625	321.8334375	1	100000	0.5	-2.87	0	0.000109303809	5000
1.22e-05	0.03375	321.8334375	1	100000	0.5	-2.87	0	0.000109303068	5000
1.83e-05	0.033875	321.8334375	1	100000	0.5	-2.87	0	0.00010930219	5000
2.44e-05	0.034	321.8334375	1	100000	0.5	-2.87	0	0.000109300128	5000
3.08e-05	0.034125	321.8334375	1	100000	0.5	-2.87	0	0.000109300066	5000
3.78e-05	0.03425	321.8334375	1	100000	0.5	-2.87	0	0.000109298053	5000
4.41e-05	0.034375	321.8334375	1	100000	0.5	-2.87	0	0.000109298662	5000
5.01e-05	0.0345	321.8334375	1	100000	0.5	-2.87	0	0.000109299215	5000
5.63e-05	0.034625	321.8334375	1	100000	0.5	-2.87	0	0.000109299563	5000
6.24e-05	0.03475	321.8334375	1	100000	0.5	-2.87	0	0.000109299289	5000
6.85e-05	0.034875	321.8334375	1	100000	0.5	-2.87	0	0.000109297113	5000
7.5e-05	0.035	321.8334375	1	100000	0.5	-2.87	0	0.000109304573	5000
8.12e-05	0.035125	321.8334375	1	100000	0.5	-2.87	0	0.000109305229	5000
8.76e-05	0.03525	321.8334375	1	100000	0.5	-2.87	0	0.00010930791	5000
9.4e-05	0.035375	321.8334375	1	100000	0.5	-2.87	0	0.000109309482	5000
0.0001	0.0355	321.8334375	1	100000	0.5	-2.87	0	0.000109306468	5000
0.0001061	0.035625	321.8334375	1	100000	0.5	-2.87	0	0.000109307683	5000
0.0001121	0.03575	321.8334375	1	100000	0.5	-2.87	0	0.00010930787	5000
0.0001184	0.035875	321.8334375	1	100000	0.5	-2.87	0	0.000109305515	5000
0.000125	0.036	321.8334375	1	100000	0.5	-2.87	0	0.00010930684	5000
0.0001316	0.036125	321.8334375	1	100000	0.5	-2.87	0	0.00010930226	5000
0.0001382	0.03625	321.8334375	1	100000	0.5	-2.87	0	0.000109305872	5000
0.0001442	0.036375	321.8334375	1	100000	0.5	-2.87	0	0.000109302952	5000
0.00015	0.0365	321.8334375	1	100000	0.5	-2.87	0	0.000109304711	5000
0.0001561	0.036625	321.8334375	1	100000	0.5	-2.87	0	0.000109310117	5000
0.0001625	0.03675	321.8334375	1	100000	0.5	-2.87	0	0.000109307325	5000
0.0001689	0.036875	321.8334375	1	100000	0.5	-2.87	0	0.000109306086	5000
0.0001754	0.037	321.8334375	1	100000	0.5	-2.87	0	0.000109306421	5000
0.0001817	0.037125	321.8334375	1	100000	0.5	-2.87	0	0.000109304591	5000
0.0001879	0.03725	321.8334375	1	100000	0.5	-2.87	0	0.000109308072	5000
0.0001945	0.037375	321.8334375	1	100000	0.5	-2.87	0	0.000109304271	5000
0.0002008	0.0375	321.8334375	1	100000	0.5	-2.87	0	0.000109301769	5000
0.0002067	0.037625	321.8334375	1	100000	0.5	-2.87	0	0.000109302514	5000
0.0002126	0.03775	321.8334375	1	100000	0.5	-2.87	0	0.000109303444	5000
0.0002187	0.037875	321.8334375	1	100000	0.5	-2.87	0	0.000109304214	5000
0.0002251	0.038	321.8334375	1	100000	0.5	-2.87	0	0.000109303044	5000
0.0002317	0.038125	321.8334375	1	100000	0.5	-2.87	0	0.000109302722	5000
0.0002384	0.03825	321.8334375	1	100000	0.5	-2.87	0	0.000109300687	5000
0.0002446	0.038375	321.8334375	1	100000	0.5	-2.87	0	0.000109299989	5000
0.0002505	0.0385	321.8334375	1	100000	0.5	-2.87	0	0.000109299669	5000
0.0002571	0.038625	321.8334375	1	100000	0.5	-2.87	0	0.000109300907	5000
0.0002634	0.03875	321.8334375	1	100000	0.5	-2.87	0	0.000109302353	5000
0.0002695	0.038875	321.8334375	1	100000	0.5	-2.87	0	0.000109299225	5000
0.0002754	0.039	321.8334375	1	100000	0.5	-2.87	0	0.000109298495	5000
0.0002816	0.039125	321.8334375	1	100000	0.5	-2.87	0	0.000109295311	5000
0.0002881	0.03925	321.8334375	1	100000	0.5	-2.87	0	0.000109294748	5000
0.0002945	0.039375	321.8334375	1	100000	0.5	-2.87	0	0.00010929712	5000
0.0003003	0.0395	321.8334375	1	100000	0.5	-2.87	0	0.000109296692	5000
0.0003067	0.039625	321.8334375	1	100000	0.5	-2.87	0	0.00010929551	5000
0.0003131	0.03975	321.8334375	1	100000	0.5	-2.87	0	0.00010929582	5000
0.0003192	0.039875	321.8334375	1	100000	0.5	-2.87	0	0.000109292338	5000
0.0003253	0.04	321.8334375	1	100000	0.5	-2.87	0	0.00010929336	5000
0.0003321	0.040125	321.8334375	1	100000	0.5	-2.87	0	0.000109291865	5000
0.0003391	0.04025	321.8334375	1	100000	0.5	-2.87	0	0.000109293133	5000
0.0003453	0.040375	321.8334375	1	100000	0.5	-2.87	0	0.000109293724	5000
0.0003513	0.0405	321.8334375	1	100000	0.5	-2.87	0	0.000109299374	5000
0.0003576	0.040625	321.8334375	1	100000	0.5	-2.87	0	0.000109298529	5000
0.0003636	0.04075	321.8334375	1	100000	0.5	-2.87	0	0.000109299447	5000
0.0003701	0.040875	321.8334375	1	100000	0.5	-2.87	0	0.000109295918	5000
0.0003764	0.041	321.8334375	1	100000	0.5	-2.87	0	0.000109299451	5000

