# U_ac_out	U_osc_ref	Pha_ref	U_osc_dut	R_ref	V_DS	V_GS	V_DUT	I_D	FRQ
0.0015876	0	336.375	1	100000	0.5	-2.87	0	0.000109297283	4750
0.0015938	0.00096875	336.375	1	100000	0.5	-2.87	0	0.000109302464	4750
0.0015932	0.0019375	336.375	1	100000	0.5	-2.87	0	0.000109303208	4750
0.0015896	0.00290625	336.375	1	100000	0.5	-2.87	0	0.000109299478	4750
0.0015786	0.003875	336.375	1	100000	0.5	-2.87	0	0.000109300345	4750
0.0015564	0.00484375	336.375	1	100000	0.5	-2.87	0	0.000109300772	4750
0.0015202	0.0058125	336.375	1	100000	0.5	-2.87	0	0.000109301852	4750
0.0014796	0.00678125	336.375	1	100000	0.5	-2.87	0	0.00010930069	4750
0.0014362	0.00775	336.375	1	100000	0.5	-2.87	0	0.000109299224	4750
0.0013924	0.00871875	336.375	1	100000	0.5	-2.87	0	0.000109298389	4750
0.0013478	0.0096875	336.375	1	100000	0.5	-2.87	0	0.00010929986	4750
0.001301	0.01065625	336.375	1	100000	0.5	-2.87	0	0.000109296436	4750
0.0012546	0.011625	336.375	1	100000	0.5	-2.87	0	0.000109296561	4750
0.0012062	0.01259375	336.375	1	100000	0.5	-2.87	0	0.000109296991	4750
0.0011616	0.0135625	336.375	1	100000	0.5	-2.87	0	0.000109297591	4750
0.0011164	0.01453125	336.375	1	100000	0.5	-2.87	0	0.000109298886	4750
0.001073	0.0155	336.375	1	100000	0.5	-2.87	0	0.00010929875	4750
0.001029	0.01646875	336.375	1	100000	0.5	-2.87	0	0.00010929886	4750
0.0009864	0.0174375	336.375	1	100000	0.5	-2.87	0	0.00010930009	4750
0.0009434	0.01840625	336.375	1	100000	0.5	-2.87	0	0.000109295532	4750
0.0009004	0.019375	336.375	1	100000	0.5	-2.87	0	0.00010929301	4750
0.0008546	0.02034375	336.375	1	100000	0.5	-2.87	0	0.000109299481	4750
0.000814	0.0213125	336.375	1	100000	0.5	-2.87	0	0.000109294178	4750
0.0007756	0.02228125	336.375	1	100000	0.5	-2.87	0	0.000109297462	4750
0.000738	0.02325	336.375	1	100000	0.5	-2.87	0	0.000109299336	4750
0.0007018	0.02421875	336.375	1	100000	0.5	-2.87	0	0.000109295578	4750
0.0006664	0.0251875	336.375	1	100000	0.5	-2.87	0	0.000109296961	4750
0.0006332	0.02615625	336.375	1	100000	0.5	-2.87	0	0.000109296853	4750
0.0006008	0.027125	336.375	1	100000	0.5	-2.87	0	0.000109296836	4750
0.0005714	0.02809375	336.375	1	100000	0.5	-2.87	0	0.000109294564	4750
0.0005456	0.0290625	336.375	1	100000	0.5	-2.87	0	0.000109298127	4750
0.0005226	0.03003125	336.375	1	100000	0.5	-2.87	0	0.000109300466	4750
0.0005032	0.031	336.375	1	100000	0.5	-2.87	0	0.000109299484	4750
0.0004878	0.03196875	336.375	1	100000	0.5	-2.87	0	0.000109297612	4750
0.000477	0.0329375	336.375	1	100000	0.5	-2.87	0	0.00010929893	4750
0.0004708	0.03390625	336.375	1	100000	0.5	-2.87	0	0.000109302076	4750
0.0004698	0.034875	336.375	1	100000	0.5	-2.87	0	0.000109305062	4750
0.0004738	0.03584375	336.375	1	100000	0.5	-2.87	0	0.000109299532	4750
0.000483	0.0368125	336.375	1	100000	0.5	-2.87	0	0.000109301734	4750
0.0004968	0.03778125	336.375	1	100000	0.5	-2.87	0	0.000109302112	4750
0.0005148	0.03875	336.375	1	100000	0.5	-2.87	0	0.000109303212	4750
0.000536	0.03971875	336.375	1	100000	0.5	-2.87	0	0.00010930598	4750
0.0005612	0.0406875	336.375	1	100000	0.5	-2.87	0	0.000109304748	4750
0.0005888	0.04165625	336.375	1	100000	0.5	-2.87	0	0.000109305209	4750
0.0006204	0.042625	336.375	1	100000	0.5	-2.87	0	0.000109304131	4750
0.0006542	0.04359375	336.375	1	100000	0.5	-2.87	0	0.000109305842	4750
0.0006904	0.0445625	336.375	1	100000	0.5	-2.87	0	0.000109306936	4750
0.0007268	0.04553125	336.375	1	100000	0.5	-2.87	0	0.000109307279	4750
0.0007644	0.0465	336.375	1	100000	0.5	-2.87	0	0.000109302251	4750
0.0008038	0.04746875	336.375	1	100000	0.5	-2.87	0	0.000109302555	4750
0.0008438	0.0484375	336.375	1	100000	0.5	-2.87	0	0.000109304015	4750
0.000884	0.04940625	336.375	1	100000	0.5	-2.87	0	0.000109306496	4750
0.000926	0.050375	336.375	1	100000	0.5	-2.87	0	0.00010930505	4750
0.0009692	0.05134375	336.375	1	100000	0.5	-2.87	0	0.000109306936	4750
0.0010128	0.0523125	336.375	1	100000	0.5	-2.87	0	0.000109305545	4750
0.0010572	0.05328125	336.375	1	100000	0.5	-2.87	0	0.000109307419	4750
0.0011062	0.05425	336.375	1	100000	0.5	-2.87	0	0.000109307154	4750
0.0011496	0.05521875	336.375	1	100000	0.5	-2.87	0	0.000109303258	4750
0.0011942	0.0561875	336.375	1	100000	0.5	-2.87	0	0.00010930673	4750
0.0012392	0.05715625	336.375	1	100000	0.5	-2.87	0	0.000109309829	4750
0.0012838	0.058125	336.375	1	100000	0.5	-2.87	0	0.000109308078	4750
0.00133	0.05909375	336.375	1	100000	0.5	-2.87	0	0.000109307901	4750
0.0013752	0.0600625	336.375	1	100000	0.5	-2.87	0	0.000109307051	4750
0.0014214	0.06103125	336.375	1	100000	0.5	-2.87	0	0.000109307437	4750
0.0014664	0.062	336.375	1	100000	0.5	-2.87	0	0.000109305803	4750
0.0015108	0.06296875	336.375	1	100000	0.5	-2.87	0	0.000109308482	4750
0.001557	0.0639375	336.375	1	100000	0.5	-2.87	0	0.000109306408	4750
0.001603	0.06490625	336.375	1	100000	0.5	-2.87	0	0.000109308231	4750
0.0016492	0.065875	336.375	1	100000	0.5	-2.87	0	0.000109311674	4750
0.0016972	0.06684375	336.375	1	100000	0.5	-2.87	0	0.000109307787	4750
0.0017448	0.0678125	336.375	1	100000	0.5	-2.87	0	0.000109305628	4750
0.0017976	0.06878125	336.375	1	100000	0.5	-2.87	0	0.00010930841	4750
0.0018454	0.06975	336.375	1	100000	0.5	-2.87	0	0.000109309026	4750
0.0018916	0.07071875	336.375	1	100000	0.5	-2.87	0	0.000109307662	4750
0.0019368	0.0716875	336.375	1	100000	0.5	-2.87	0	0.000109310197	4750
0.0019834	0.07265625	336.375	1	100000	0.5	-2.87	0	0.000109308261	4750
0.0020306	0.073625	336.375	1	100000	0.5	-2.87	0	0.000109304871	4750
0.0020802	0.07459375	336.375	1	100000	0.5	-2.87	0	0.000109310735	4750
0.0021284	0.0755625	336.375	1	100000	0.5	-2.87	0	0.000109307401	4750
0.002177	0.07653125	336.375	1	100000	0.5	-2.87	0	0.000109309375	4750
0.0022236	0.0775	336.375	1	100000	0.5	-2.87	0	0.000109307728	4750

