# U_ac_out	U_osc_ref	Pha_ref	U_osc_dut	R_ref	V_DS	V_GS	V_DUT	I_D	FRQ
0.0003696	0	298.575	1	100000	0.5	-2.87	0	0.000109268376	1000
0.0003704	0.00065625	298.575	1	100000	0.5	-2.87	0	0.00010926946	1000
0.0003702	0.0013125	298.575	1	100000	0.5	-2.87	0	0.000109268002	1000
0.0003676	0.00196875	298.575	1	100000	0.5	-2.87	0	0.000109269029	1000
0.0003594	0.002625	298.575	1	100000	0.5	-2.87	0	0.00010927363	1000
0.000342	0.00328125	298.575	1	100000	0.5	-2.87	0	0.000109272939	1000
0.0003164	0.0039375	298.575	1	100000	0.5	-2.87	0	0.000109272492	1000
0.0002858	0.00459375	298.575	1	100000	0.5	-2.87	0	0.00010927288	1000
0.0002542	0.00525	298.575	1	100000	0.5	-2.87	0	0.000109271483	1000
0.000224	0.00590625	298.575	1	100000	0.5	-2.87	0	0.000109271706	1000
0.0001956	0.0065625	298.575	1	100000	0.5	-2.87	0	0.000109271125	1000
0.0001688	0.00721875	298.575	1	100000	0.5	-2.87	0	0.00010927193	1000
0.0001452	0.007875	298.575	1	100000	0.5	-2.87	0	0.000109273837	1000
0.0001272	0.00853125	298.575	1	100000	0.5	-2.87	0	0.000109273402	1000
0.000119	0.0091875	298.575	1	100000	0.5	-2.87	0	0.000109272297	1000
0.0001224	0.00984375	298.575	1	100000	0.5	-2.87	0	0.000109273628	1000
0.000138	0.0105	298.575	1	100000	0.5	-2.87	0	0.000109273007	1000
0.0001596	0.01115625	298.575	1	100000	0.5	-2.87	0	0.000109274505	1000
0.000185	0.0118125	298.575	1	100000	0.5	-2.87	0	0.000109271468	1000
0.0002132	0.01246875	298.575	1	100000	0.5	-2.87	0	0.000109272047	1000
0.0002436	0.013125	298.575	1	100000	0.5	-2.87	0	0.000109269668	1000
0.0002758	0.01378125	298.575	1	100000	0.5	-2.87	0	0.000109271713	1000
0.0003102	0.0144375	298.575	1	100000	0.5	-2.87	0	0.000109270664	1000
0.0003436	0.01509375	298.575	1	100000	0.5	-2.87	0	0.000109274234	1000
0.0003788	0.01575	298.575	1	100000	0.5	-2.87	0	0.000109272954	1000
0.000415	0.01640625	298.575	1	100000	0.5	-2.87	0	0.000109270197	1000
0.0004492	0.0170625	298.575	1	100000	0.5	-2.87	0	0.000109270606	1000
0.0004838	0.01771875	298.575	1	100000	0.5	-2.87	0	0.00010927055	1000
0.00052	0.018375	298.575	1	100000	0.5	-2.87	0	0.000109270757	1000
0.0005558	0.01903125	298.575	1	100000	0.5	-2.87	0	0.000109272877	1000
0.0005952	0.0196875	298.575	1	100000	0.5	-2.87	0	0.000109271209	1000
0.0006312	0.02034375	298.575	1	100000	0.5	-2.87	0	0.000109270839	1000
0.000667	0.021	298.575	1	100000	0.5	-2.87	0	0.000109268576	1000
0.0007014	0.02165625	298.575	1	100000	0.5	-2.87	0	0.000109266124	1000
0.0007356	0.0223125	298.575	1	100000	0.5	-2.87	0	0.000109269432	1000
0.0007698	0.02296875	298.575	1	100000	0.5	-2.87	0	0.000109270865	1000
0.0008062	0.023625	298.575	1	100000	0.5	-2.87	0	0.00010927283	1000
0.000844	0.02428125	298.575	1	100000	0.5	-2.87	0	0.000109271909	1000
0.0008808	0.0249375	298.575	1	100000	0.5	-2.87	0	0.000109269776	1000
0.0009176	0.02559375	298.575	1	100000	0.5	-2.87	0	0.000109269432	1000
0.0009544	0.02625	298.575	1	100000	0.5	-2.87	0	0.000109268655	1000
0.0009902	0.02690625	298.575	1	100000	0.5	-2.87	0	0.000109270733	1000
0.0010254	0.0275625	298.575	1	100000	0.5	-2.87	0	0.000109269517	1000
0.0010612	0.02821875	298.575	1	100000	0.5	-2.87	0	0.000109271236	1000
0.0010982	0.028875	298.575	1	100000	0.5	-2.87	0	0.000109269087	1000
0.001136	0.02953125	298.575	1	100000	0.5	-2.87	0	0.000109267537	1000
0.0011718	0.0301875	298.575	1	100000	0.5	-2.87	0	0.000109270051	1000
0.0012086	0.03084375	298.575	1	100000	0.5	-2.87	0	0.000109270966	1000
0.001245	0.0315	298.575	1	100000	0.5	-2.87	0	0.000109271119	1000
0.0012816	0.03215625	298.575	1	100000	0.5	-2.87	0	0.000109268976	1000
0.0013168	0.0328125	298.575	1	100000	0.5	-2.87	0	0.000109266907	1000
0.0013534	0.03346875	298.575	1	100000	0.5	-2.87	0	0.00010926671	1000
0.0013908	0.034125	298.575	1	100000	0.5	-2.87	0	0.000109268332	1000
0.001428	0.03478125	298.575	1	100000	0.5	-2.87	0	0.000109267368	1000
0.0014676	0.0354375	298.575	1	100000	0.5	-2.87	0	0.000109268829	1000
0.0015038	0.03609375	298.575	1	100000	0.5	-2.87	0	0.000109265862	1000
0.0015404	0.03675	298.575	1	100000	0.5	-2.87	0	0.000109269044	1000
0.0015766	0.03740625	298.575	1	100000	0.5	-2.87	0	0.00010926926	1000
0.0016118	0.0380625	298.575	1	100000	0.5	-2.87	0	0.000109269746	1000
0.0016484	0.03871875	298.575	1	100000	0.5	-2.87	0	0.000109267547	1000
0.0016842	0.039375	298.575	1	100000	0.5	-2.87	0	0.000109265278	1000
0.001721	0.04003125	298.575	1	100000	0.5	-2.87	0	0.000109265516	1000
0.0017586	0.0406875	298.575	1	100000	0.5	-2.87	0	0.000109264956	1000
0.0017954	0.04134375	298.575	1	100000	0.5	-2.87	0	0.000109266586	1000
0.0018324	0.042	298.575	1	100000	0.5	-2.87	0	0.00010926958	1000
0.001869	0.04265625	298.575	1	100000	0.5	-2.87	0	0.000109269453	1000
0.0019062	0.0433125	298.575	1	100000	0.5	-2.87	0	0.000109269317	1000
0.001943	0.04396875	298.575	1	100000	0.5	-2.87	0	0.000109268541	1000
0.0019788	0.044625	298.575	1	100000	0.5	-2.87	0	0.000109268572	1000
0.0020142	0.04528125	298.575	1	100000	0.5	-2.87	0	0.000109268958	1000
0.0020498	0.0459375	298.575	1	100000	0.5	-2.87	0	0.000109272881	1000
0.002086	0.04659375	298.575	1	100000	0.5	-2.87	0	0.000109270068	1000
0.0021236	0.04725	298.575	1	100000	0.5	-2.87	0	0.000109272133	1000
0.0021598	0.04790625	298.575	1	100000	0.5	-2.87	0	0.000109270347	1000
0.0021962	0.0485625	298.575	1	100000	0.5	-2.87	0	0.000109270618	1000
0.0022318	0.04921875	298.575	1	100000	0.5	-2.87	0	0.000109271212	1000
0.0022684	0.049875	298.575	1	100000	0.5	-2.87	0	0.00010927133	1000
0.0023056	0.05053125	298.575	1	100000	0.5	-2.87	0	0.000109273476	1000
0.0023424	0.0511875	298.575	1	100000	0.5	-2.87	0	0.000109270232	1000
0.0023794	0.05184375	298.575	1	100000	0.5	-2.87	0	0.000109272863	1000
0.0024164	0.0525	298.575	1	100000	0.5	-2.87	0	0.000109269567	1000

