# U_ac_out	U_osc_ref	Pha_ref	U_osc_dut	R_ref	V_DS	V_GS	V_DUT	I_D	FRQ
0.000718	0.005	131.4	1	100000	0.5	-2.87	0	0.00010926897	1250
0.000718	0.005	134.2575	1	100000	0.5	-2.87	0	0.000109269339	1250
0.000718	0.005	137.115	1	100000	0.5	-2.87	0	0.000109267226	1250
0.0007175	0.005	139.9725	1	100000	0.5	-2.87	0	0.000109270232	1250
0.000715	0.005	142.83	1	100000	0.5	-2.87	0	0.000109269953	1250
0.0007115	0.005	145.6875	1	100000	0.5	-2.87	0	0.000109267296	1250
0.000706	0.005	148.545	1	100000	0.5	-2.87	0	0.000109268832	1250
0.0007015	0.005	151.4025	1	100000	0.5	-2.87	0	0.000109267922	1250
0.0006955	0.005	154.26	1	100000	0.5	-2.87	0	0.000109268538	1250
0.0006895	0.005	157.1175	1	100000	0.5	-2.87	0	0.000109271222	1250
0.000682	0.005	159.975	1	100000	0.5	-2.87	0	0.000109268803	1250
0.000675	0.005	162.8325	1	100000	0.5	-2.87	0	0.000109269961	1250
0.0006675	0.005	165.69	1	100000	0.5	-2.87	0	0.000109269447	1250
0.0006595	0.005	168.5475	1	100000	0.5	-2.87	0	0.000109267887	1250
0.000651	0.005	171.405	1	100000	0.5	-2.87	0	0.000109268726	1250
0.000643	0.005	174.2625	1	100000	0.5	-2.87	0	0.000109270244	1250
0.000634	0.005	177.12	1	100000	0.5	-2.87	0	0.00010926561	1250
0.0006245	0.005	179.9775	1	100000	0.5	-2.87	0	0.000109266537	1250
0.000615	0.005	182.835	1	100000	0.5	-2.87	0	0.000109264412	1250
0.000605	0.005	185.6925	1	100000	0.5	-2.87	0	0.000109264398	1250
0.0005955	0.005	188.55	1	100000	0.5	-2.87	0	0.000109267543	1250
0.0005845	0.005	191.4075	1	100000	0.5	-2.87	0	0.000109264906	1250
0.000573	0.005	194.265	1	100000	0.5	-2.87	0	0.000109265007	1250
0.0005615	0.005	197.1225	1	100000	0.5	-2.87	0	0.000109264353	1250
0.0005495	0.005	199.98	1	100000	0.5	-2.87	0	0.000109263865	1250
0.000538	0.005	202.8375	1	100000	0.5	-2.87	0	0.000109265626	1250
0.0005265	0.005	205.695	1	100000	0.5	-2.87	0	0.000109261795	1250
0.000514	0.005	208.5525	1	100000	0.5	-2.87	0	0.000109262318	1250
0.000502	0.005	211.41	1	100000	0.5	-2.87	0	0.000109261888	1250
0.0004895	0.005	214.2675	1	100000	0.5	-2.87	0	0.000109261744	1250
0.000476	0.005	217.125	1	100000	0.5	-2.87	0	0.000109260614	1250
0.0004625	0.005	219.9825	1	100000	0.5	-2.87	0	0.000109261161	1250
0.000449	0.005	222.84	1	100000	0.5	-2.87	0	0.000109260664	1250
0.000435	0.005	225.6975	1	100000	0.5	-2.87	0	0.000109260295	1250
0.000421	0.005	228.555	1	100000	0.5	-2.87	0	0.000109260993	1250
0.0004085	0.005	231.4125	1	100000	0.5	-2.87	0	0.000109260028	1250
0.000395	0.005	234.27	1	100000	0.5	-2.87	0	0.000109260607	1250
0.000381	0.005	237.1275	1	100000	0.5	-2.87	0	0.0001092606	1250
0.000367	0.005	239.985	1	100000	0.5	-2.87	0	0.000109259369	1250
0.0003535	0.005	242.8425	1	100000	0.5	-2.87	0	0.000109262682	1250
0.000339	0.005	245.7	1	100000	0.5	-2.87	0	0.00010926324	1250
0.0003255	0.005	248.5575	1	100000	0.5	-2.87	0	0.000109260142	1250
0.0003125	0.005	251.415	1	100000	0.5	-2.87	0	0.000109262491	1250
0.000298	0.005	254.2725	1	100000	0.5	-2.87	0	0.000109262129	1250
0.000285	0.005	257.13	1	100000	0.5	-2.87	0	0.000109263877	1250
0.000272	0.005	259.9875	1	100000	0.5	-2.87	0	0.000109266804	1250
0.0002595	0.005	262.845	1	100000	0.5	-2.87	0	0.000109266963	1250
0.000248	0.005	265.7025	1	100000	0.5	-2.87	0	0.000109264821	1250
0.0002365	0.005	268.56	1	100000	0.5	-2.87	0	0.000109269297	1250
0.000226	0.005	271.4175	1	100000	0.5	-2.87	0	0.000109269147	1250
0.000216	0.005	274.275	1	100000	0.5	-2.87	0	0.000109266776	1250
0.000207	0.005	277.1325	1	100000	0.5	-2.87	0	0.000109269223	1250
0.0001995	0.005	279.99	1	100000	0.5	-2.87	0	0.000109270406	1250
0.000193	0.005	282.8475	1	100000	0.5	-2.87	0	0.000109268427	1250
0.000188	0.005	285.705	1	100000	0.5	-2.87	0	0.000109269535	1250
0.000184	0.005	288.5625	1	100000	0.5	-2.87	0	0.00010927308	1250
0.0001825	0.005	291.42	1	100000	0.5	-2.87	0	0.00010926929	1250
0.0001825	0.005	294.2775	1	100000	0.5	-2.87	0	0.00010927292	1250
0.0001845	0.005	297.135	1	100000	0.5	-2.87	0	0.00010927492	1250
0.000188	0.005	299.9925	1	100000	0.5	-2.87	0	0.000109270656	1250
0.0001925	0.005	302.85	1	100000	0.5	-2.87	0	0.00010926777	1250
0.0001985	0.005	305.7075	1	100000	0.5	-2.87	0	0.000109269826	1250
0.000207	0.005	308.565	1	100000	0.5	-2.87	0	0.000109270547	1250
0.000216	0.005	311.4225	1	100000	0.5	-2.87	0	0.00010926918	1250
0.0002255	0.005	314.28	1	100000	0.5	-2.87	0	0.000109269727	1250
0.000237	0.005	317.1375	1	100000	0.5	-2.87	0	0.000109272031	1250
0.000248	0.005	319.995	1	100000	0.5	-2.87	0	0.00010927225	1250
0.0002605	0.005	322.8525	1	100000	0.5	-2.87	0	0.000109272192	1250
0.000273	0.005	325.71	1	100000	0.5	-2.87	0	0.000109268906	1250
0.000286	0.005	328.5675	1	100000	0.5	-2.87	0	0.000109268303	1250
0.000299	0.005	331.425	1	100000	0.5	-2.87	0	0.00010927131	1250
0.000313	0.005	334.2825	1	100000	0.5	-2.87	0	0.000109268819	1250
0.0003255	0.005	337.14	1	100000	0.5	-2.87	0	0.000109270286	1250
0.0003395	0.005	339.9975	1	100000	0.5	-2.87	0	0.00010926724	1250
0.000353	0.005	342.855	1	100000	0.5	-2.87	0	0.000109270004	1250
0.0003675	0.005	345.7125	1	100000	0.5	-2.87	0	0.000109268753	1250
0.0003825	0.005	348.57	1	100000	0.5	-2.87	0	0.000109268078	1250
0.000396	0.005	351.4275	1	100000	0.5	-2.87	0	0.000109266471	1250
0.00041	0.005	354.285	1	100000	0.5	-2.87	0	0.000109266275	1250
0.0004235	0.005	357.1425	1	100000	0.5	-2.87	0	0.000109264403	1250
0.000437	0.005	360	1	100000	0.5	-2.87	0	0.000109261847	1250

