# U_ac_out	U_osc_ref	Pha_ref	U_osc_dut	R_ref	V_DS	V_GS	V_DUT	I_D	FRQ
0.0001549	0.023578125	311.075	1	100000	0.5	-2.87	0	0.000109285183	4000
0.0001565	0.023703125	311.075	1	100000	0.5	-2.87	0	0.000109286539	4000
0.0001561	0.023828125	311.075	1	100000	0.5	-2.87	0	0.000109261584	4000
0.0001536	0.023953125	311.075	1	100000	0.5	-2.87	0	0.000109272581	4000
0.0001489	0.024078125	311.075	1	100000	0.5	-2.87	0	0.000109406694	4000
0.0001424	0.024203125	311.075	1	100000	0.5	-2.87	0	0.000109318232	4000
0.0001357	0.024328125	311.075	1	100000	0.5	-2.87	0	0.00010926217	4000
0.0001292	0.024453125	311.075	1	100000	0.5	-2.87	0	0.00010925981	4000
0.0001232	0.024578125	311.075	1	100000	0.5	-2.87	0	0.000109254765	4000
0.0001168	0.024703125	311.075	1	100000	0.5	-2.87	0	0.000109282805	4000
0.0001105	0.024828125	311.075	1	100000	0.5	-2.87	0	0.000109326805	4000
0.0001043	0.024953125	311.075	1	100000	0.5	-2.87	0	0.000109339833	4000
9.76e-05	0.025078125	311.075	1	100000	0.5	-2.87	0	0.000109329314	4000
9.11e-05	0.025203125	311.075	1	100000	0.5	-2.87	0	0.000109318727	4000
8.48e-05	0.025328125	311.075	1	100000	0.5	-2.87	0	0.000109300357	4000
7.85e-05	0.025453125	311.075	1	100000	0.5	-2.87	0	0.000109282317	4000
7.18e-05	0.025578125	311.075	1	100000	0.5	-2.87	0	0.000109270761	4000
6.5e-05	0.025703125	311.075	1	100000	0.5	-2.87	0	0.00010927058	4000
5.84e-05	0.025828125	311.075	1	100000	0.5	-2.87	0	0.000109274319	4000
5.21e-05	0.025953125	311.075	1	100000	0.5	-2.87	0	0.000109280717	4000
4.59e-05	0.026078125	311.075	1	100000	0.5	-2.87	0	0.000109298368	4000
3.94e-05	0.026203125	311.075	1	100000	0.5	-2.87	0	0.000109325771	4000
3.2e-05	0.026328125	311.075	1	100000	0.5	-2.87	0	0.000109341266	4000
2.53e-05	0.026453125	311.075	1	100000	0.5	-2.87	0	0.00010934045	4000
1.95e-05	0.026578125	311.075	1	100000	0.5	-2.87	0	0.00010933432	4000
1.35e-05	0.026703125	311.075	1	100000	0.5	-2.87	0	0.000109329934	4000
8.2e-06	0.026828125	311.075	1	100000	0.5	-2.87	0	0.000109315987	4000
6.1e-06	0.026953125	311.075	1	100000	0.5	-2.87	0	0.00010930539	4000
9.1e-06	0.027078125	311.075	1	100000	0.5	-2.87	0	0.000109286838	4000
1.46e-05	0.027203125	311.075	1	100000	0.5	-2.87	0	0.000109279675	4000
2.05e-05	0.027328125	311.075	1	100000	0.5	-2.87	0	0.000109273439	4000
2.66e-05	0.027453125	311.075	1	100000	0.5	-2.87	0	0.000109263262	4000
3.29e-05	0.027578125	311.075	1	100000	0.5	-2.87	0	0.000109257071	4000
3.94e-05	0.027703125	311.075	1	100000	0.5	-2.87	0	0.000109252757	4000
4.56e-05	0.027828125	311.075	1	100000	0.5	-2.87	0	0.000109253458	4000
5.19e-05	0.027953125	311.075	1	100000	0.5	-2.87	0	0.000109248544	4000
5.88e-05	0.028078125	311.075	1	100000	0.5	-2.87	0	0.000109250034	4000
6.55e-05	0.028203125	311.075	1	100000	0.5	-2.87	0	0.00010925017	4000
7.25e-05	0.028328125	311.075	1	100000	0.5	-2.87	0	0.000109250291	4000
7.9e-05	0.028453125	311.075	1	100000	0.5	-2.87	0	0.000109248932	4000
8.52e-05	0.028578125	311.075	1	100000	0.5	-2.87	0	0.000109252914	4000
9.15e-05	0.028703125	311.075	1	100000	0.5	-2.87	0	0.000109251709	4000
9.81e-05	0.028828125	311.075	1	100000	0.5	-2.87	0	0.000109251614	4000
0.0001047	0.028953125	311.075	1	100000	0.5	-2.87	0	0.000109249826	4000
0.000111	0.029078125	311.075	1	100000	0.5	-2.87	0	0.000109251313	4000
0.0001172	0.029203125	311.075	1	100000	0.5	-2.87	0	0.000109251822	4000
0.000124	0.029328125	311.075	1	100000	0.5	-2.87	0	0.000109250082	4000
0.0001306	0.029453125	311.075	1	100000	0.5	-2.87	0	0.000109254105	4000
0.0001371	0.029578125	311.075	1	100000	0.5	-2.87	0	0.000109259587	4000
0.0001439	0.029703125	311.075	1	100000	0.5	-2.87	0	0.000109265483	4000
0.0001504	0.029828125	311.075	1	100000	0.5	-2.87	0	0.000109267777	4000
0.0001569	0.029953125	311.075	1	100000	0.5	-2.87	0	0.000109270613	4000
0.0001631	0.030078125	311.075	1	100000	0.5	-2.87	0	0.000109272216	4000
0.0001696	0.030203125	311.075	1	100000	0.5	-2.87	0	0.00010927161	4000
0.0001765	0.030328125	311.075	1	100000	0.5	-2.87	0	0.000109270412	4000
0.0001834	0.030453125	311.075	1	100000	0.5	-2.87	0	0.000109266975	4000
0.0001896	0.030578125	311.075	1	100000	0.5	-2.87	0	0.000109261517	4000
0.0001957	0.030703125	311.075	1	100000	0.5	-2.87	0	0.000109255807	4000
0.0002018	0.030828125	311.075	1	100000	0.5	-2.87	0	0.000109252743	4000
0.0002084	0.030953125	311.075	1	100000	0.5	-2.87	0	0.000109251322	4000
0.0002148	0.031078125	311.075	1	100000	0.5	-2.87	0	0.000109249362	4000
0.0002214	0.031203125	311.075	1	100000	0.5	-2.87	0	0.000109249167	4000
0.0002279	0.031328125	311.075	1	100000	0.5	-2.87	0	0.000109249167	4000
0.0002345	0.031453125	311.075	1	100000	0.5	-2.87	0	0.000109251204	4000
0.000241	0.031578125	311.075	1	100000	0.5	-2.87	0	0.000109251026	4000
0.0002477	0.031703125	311.075	1	100000	0.5	-2.87	0	0.000109247755	4000
0.0002542	0.031828125	311.075	1	100000	0.5	-2.87	0	0.000109248885	4000
0.0002602	0.031953125	311.075	1	100000	0.5	-2.87	0	0.000109248276	4000
0.000267	0.032078125	311.075	1	100000	0.5	-2.87	0	0.000109251391	4000
0.0002734	0.032203125	311.075	1	100000	0.5	-2.87	0	0.000109250268	4000
0.0002803	0.032328125	311.075	1	100000	0.5	-2.87	0	0.000109247693	4000
0.0002867	0.032453125	311.075	1	100000	0.5	-2.87	0	0.000109249838	4000
0.0002928	0.032578125	311.075	1	100000	0.5	-2.87	0	0.000109247799	4000
0.0002993	0.032703125	311.075	1	100000	0.5	-2.87	0	0.000109251704	4000
0.0003066	0.032828125	311.075	1	100000	0.5	-2.87	0	0.000109249737	4000
0.0003133	0.032953125	311.075	1	100000	0.5	-2.87	0	0.000109250477	4000
0.0003197	0.033078125	311.075	1	100000	0.5	-2.87	0	0.000109249659	4000
0.0003259	0.033203125	311.075	1	100000	0.5	-2.87	0	0.000109254202	4000
0.0003322	0.033328125	311.075	1	100000	0.5	-2.87	0	0.000109252981	4000
0.0003387	0.033453125	311.075	1	100000	0.5	-2.87	0	0.000109252421	4000
0.000345	0.033578125	311.075	1	100000	0.5	-2.87	0	0.000109251544	4000

