# U_ac_out	U_osc_ref	Pha_ref	U_osc_dut	R_ref	V_DS	V_GS	V_DUT	I_D	FRQ
0.004798	0.1	0	1	100000	0.5	-2.87	0	0.000109297783	3250
0.0047975	0.1	4.5	1	100000	0.5	-2.87	0	0.000109304388	3250
0.004808	0.1	9	1	100000	0.5	-2.87	0	0.000109298112	3250
0.0048615	0.1	13.5	1	100000	0.5	-2.87	0	0.000109296073	3250
0.004941	0.1	18	1	100000	0.5	-2.87	0	0.000109295349	3250
0.0050315	0.1	22.5	1	100000	0.5	-2.87	0	0.00010929574	3250
0.0051195	0.1	27	1	100000	0.5	-2.87	0	0.000109294463	3250
0.005205	0.1	31.5	1	100000	0.5	-2.87	0	0.00010929289	3250
0.005294	0.1	36	1	100000	0.5	-2.87	0	0.000109298163	3250
0.0053855	0.1	40.5	1	100000	0.5	-2.87	0	0.000109294866	3250
0.0054725	0.1	45	1	100000	0.5	-2.87	0	0.00010930332	3250
0.0055595	0.1	49.5	1	100000	0.5	-2.87	0	0.000109296991	3250
0.0056465	0.1	54	1	100000	0.5	-2.87	0	0.000109297167	3250
0.005729	0.1	58.5	1	100000	0.5	-2.87	0	0.00010930374	3250
0.005808	0.1	63	1	100000	0.5	-2.87	0	0.000109306201	3250
0.005883	0.1	67.5	1	100000	0.5	-2.87	0	0.000109303918	3250
0.0059565	0.1	72	1	100000	0.5	-2.87	0	0.000109306307	3250
0.006026	0.1	76.5	1	100000	0.5	-2.87	0	0.000109305953	3250
0.00609	0.1	81	1	100000	0.5	-2.87	0	0.000109311047	3250
0.006151	0.1	85.5	1	100000	0.5	-2.87	0	0.000109321252	3250
0.0062075	0.1	90	1	100000	0.5	-2.87	0	0.000109322553	3250
0.006259	0.1	94.5	1	100000	0.5	-2.87	0	0.000109325698	3250
0.006305	0.1	99	1	100000	0.5	-2.87	0	0.000109324459	3250
0.006344	0.1	103.5	1	100000	0.5	-2.87	0	0.000109317347	3250
0.0063795	0.1	108	1	100000	0.5	-2.87	0	0.000109315004	3250
0.0064095	0.1	112.5	1	100000	0.5	-2.87	0	0.000109321722	3250
0.0064335	0.1	117	1	100000	0.5	-2.87	0	0.000109315946	3250
0.006453	0.1	121.5	1	100000	0.5	-2.87	0	0.000109315556	3250
0.006466	0.1	126	1	100000	0.5	-2.87	0	0.000109317052	3250
0.006473	0.1	130.5	1	100000	0.5	-2.87	0	0.000109314701	3250
0.006475	0.1	135	1	100000	0.5	-2.87	0	0.000109319509	3250
0.0064695	0.1	139.5	1	100000	0.5	-2.87	0	0.000109323073	3250
0.0064595	0.1	144	1	100000	0.5	-2.87	0	0.000109319683	3250
0.0064435	0.1	148.5	1	100000	0.5	-2.87	0	0.000109319927	3250
0.0064215	0.1	153	1	100000	0.5	-2.87	0	0.000109315213	3250
0.0063935	0.1	157.5	1	100000	0.5	-2.87	0	0.000109320283	3250
0.006361	0.1	162	1	100000	0.5	-2.87	0	0.00010931428	3250
0.006323	0.1	166.5	1	100000	0.5	-2.87	0	0.000109321388	3250
0.006278	0.1	171	1	100000	0.5	-2.87	0	0.000109315438	3250
0.0062305	0.1	175.5	1	100000	0.5	-2.87	0	0.000109321102	3250
0.0061765	0.1	180	1	100000	0.5	-2.87	0	0.000109327564	3250
0.0061165	0.1	184.5	1	100000	0.5	-2.87	0	0.000109324933	3250
0.0060535	0.1	189	1	100000	0.5	-2.87	0	0.000109327287	3250
0.005985	0.1	193.5	1	100000	0.5	-2.87	0	0.000109326215	3250
0.0059135	0.1	198	1	100000	0.5	-2.87	0	0.000109323102	3250
0.0058385	0.1	202.5	1	100000	0.5	-2.87	0	0.000109328118	3250
0.0057605	0.1	207	1	100000	0.5	-2.87	0	0.000109323317	3250
0.00568	0.1	211.5	1	100000	0.5	-2.87	0	0.00010932394	3250
0.0055945	0.1	216	1	100000	0.5	-2.87	0	0.000109323606	3250
0.005508	0.1	220.5	1	100000	0.5	-2.87	0	0.000109320848	3250
0.0054215	0.1	225	1	100000	0.5	-2.87	0	0.00010932112	3250
0.005332	0.1	229.5	1	100000	0.5	-2.87	0	0.000109313818	3250
0.005242	0.1	234	1	100000	0.5	-2.87	0	0.000109313052	3250
0.0051515	0.1	238.5	1	100000	0.5	-2.87	0	0.000109310229	3250
0.0050655	0.1	243	1	100000	0.5	-2.87	0	0.000109310753	3250
0.004977	0.1	247.5	1	100000	0.5	-2.87	0	0.000109309484	3250
0.0048875	0.1	252	1	100000	0.5	-2.87	0	0.000109307663	3250
0.0048025	0.1	256.5	1	100000	0.5	-2.87	0	0.000109308378	3250
0.004716	0.1	261	1	100000	0.5	-2.87	0	0.000109310641	3250
0.004636	0.1	265.5	1	100000	0.5	-2.87	0	0.000109309505	3250
0.0045595	0.1	270	1	100000	0.5	-2.87	0	0.000109304686	3250
0.0044915	0.1	274.5	1	100000	0.5	-2.87	0	0.000109308508	3250
0.0044285	0.1	279	1	100000	0.5	-2.87	0	0.000109315523	3250
0.0043695	0.1	283.5	1	100000	0.5	-2.87	0	0.000109313792	3250
0.0043185	0.1	288	1	100000	0.5	-2.87	0	0.000109312221	3250
0.004274	0.1	292.5	1	100000	0.5	-2.87	0	0.000109313272	3250
0.0042375	0.1	297	1	100000	0.5	-2.87	0	0.000109319418	3250
0.00421	0.1	301.5	1	100000	0.5	-2.87	0	0.000109317905	3250
0.00419	0.1	306	1	100000	0.5	-2.87	0	0.000109320748	3250
0.0041795	0.1	310.5	1	100000	0.5	-2.87	0	0.000109320163	3250
0.0041775	0.1	315	1	100000	0.5	-2.87	0	0.000109320722	3250
0.004185	0.1	319.5	1	100000	0.5	-2.87	0	0.000109320036	3250
0.004201	0.1	324	1	100000	0.5	-2.87	0	0.000109322011	3250
0.004225	0.1	328.5	1	100000	0.5	-2.87	0	0.000109320427	3250
0.0042585	0.1	333	1	100000	0.5	-2.87	0	0.000109325562	3250
0.0043015	0.1	337.5	1	100000	0.5	-2.87	0	0.000109321713	3250
0.00435	0.1	342	1	100000	0.5	-2.87	0	0.000109319491	3250
0.004406	0.1	346.5	1	100000	0.5	-2.87	0	0.000109315076	3250
0.0044695	0.1	351	1	100000	0.5	-2.87	0	0.000109318067	3250
0.004538	0.1	355.5	1	100000	0.5	-2.87	0	0.00010931442	3250
0.004609	0.1	360	1	100000	0.5	-2.87	0	0.000109316891	3250

