# U_ac_out	U_osc_ref	Pha_ref	U_osc_dut	R_ref	V_DS	V_GS	V_DUT	I_D	FRQ
0.005485	0.1	0	1	100000	0.5	-2.87	0	0.000108938807	1370
0.0054855	0.1	4.5	1	100000	0.5	-2.87	0	0.000108892291	1370
0.005487	0.1	9	1	100000	0.5	-2.87	0	0.00010901765	1370
0.0054935	0.1	13.5	1	100000	0.5	-2.87	0	0.000108994694	1370
0.0055115	0.1	18	1	100000	0.5	-2.87	0	0.00010887731	1370
0.005547	0.1	22.5	1	100000	0.5	-2.87	0	0.000109006732	1370
0.0055905	0.1	27	1	100000	0.5	-2.87	0	0.000108890819	1370
0.0056335	0.1	31.5	1	100000	0.5	-2.87	0	0.000109029477	1370
0.005672	0.1	36	1	100000	0.5	-2.87	0	0.000108990208	1370
0.0057105	0.1	40.5	1	100000	0.5	-2.87	0	0.000108855725	1370
0.0057485	0.1	45	1	100000	0.5	-2.87	0	0.000108891797	1370
0.0057845	0.1	49.5	1	100000	0.5	-2.87	0	0.00010899352	1370
0.0058185	0.1	54	1	100000	0.5	-2.87	0	0.000109010807	1370
0.005849	0.1	58.5	1	100000	0.5	-2.87	0	0.000108869116	1370
0.0058805	0.1	63	1	100000	0.5	-2.87	0	0.000108923689	1370
0.00591	0.1	67.5	1	100000	0.5	-2.87	0	0.000109006898	1370
0.005938	0.1	72	1	100000	0.5	-2.87	0	0.000108970913	1370
0.0059645	0.1	76.5	1	100000	0.5	-2.87	0	0.000109033557	1370
0.005987	0.1	81	1	100000	0.5	-2.87	0	0.000108952388	1370
0.006008	0.1	85.5	1	100000	0.5	-2.87	0	0.000108948844	1370
0.0060255	0.1	90	1	100000	0.5	-2.87	0	0.000109003515	1370
0.006041	0.1	94.5	1	100000	0.5	-2.87	0	0.000109022399	1370
0.0060535	0.1	99	1	100000	0.5	-2.87	0	0.000108971354	1370
0.0060625	0.1	103.5	1	100000	0.5	-2.87	0	0.000108887786	1370
0.0060695	0.1	108	1	100000	0.5	-2.87	0	0.000109023097	1370
0.0060735	0.1	112.5	1	100000	0.5	-2.87	0	0.000108854418	1370
0.006075	0.1	117	1	100000	0.5	-2.87	0	0.000108994567	1370
0.0060735	0.1	121.5	1	100000	0.5	-2.87	0	0.000109027878	1370
0.006069	0.1	126	1	100000	0.5	-2.87	0	0.000108852308	1370
0.006062	0.1	130.5	1	100000	0.5	-2.87	0	0.00010885927	1370
0.0060515	0.1	135	1	100000	0.5	-2.87	0	0.000108878264	1370
0.0060385	0.1	139.5	1	100000	0.5	-2.87	0	0.000109016211	1370
0.0060235	0.1	144	1	100000	0.5	-2.87	0	0.000108887657	1370
0.0060055	0.1	148.5	1	100000	0.5	-2.87	0	0.000109016214	1370
0.0059845	0.1	153	1	100000	0.5	-2.87	0	0.000108862566	1370
0.005963	0.1	157.5	1	100000	0.5	-2.87	0	0.000109029621	1370
0.005937	0.1	162	1	100000	0.5	-2.87	0	0.000108865612	1370
0.0059095	0.1	166.5	1	100000	0.5	-2.87	0	0.000109034988	1370
0.0058805	0.1	171	1	100000	0.5	-2.87	0	0.000108869937	1370
0.0058475	0.1	175.5	1	100000	0.5	-2.87	0	0.00010894669	1370
0.0058145	0.1	180	1	100000	0.5	-2.87	0	0.000109017983	1370
0.005779	0.1	184.5	1	100000	0.5	-2.87	0	0.000109019696	1370
0.005743	0.1	189	1	100000	0.5	-2.87	0	0.00010895529	1370
0.005705	0.1	193.5	1	100000	0.5	-2.87	0	0.000108856002	1370
0.0056675	0.1	198	1	100000	0.5	-2.87	0	0.000108857281	1370
0.0056285	0.1	202.5	1	100000	0.5	-2.87	0	0.000108956157	1370
0.0055895	0.1	207	1	100000	0.5	-2.87	0	0.000108860565	1370
0.0055525	0.1	211.5	1	100000	0.5	-2.87	0	0.00010901883	1370
0.005511	0.1	216	1	100000	0.5	-2.87	0	0.000108915374	1370
0.00547	0.1	220.5	1	100000	0.5	-2.87	0	0.000109017171	1370
0.005431	0.1	225	1	100000	0.5	-2.87	0	0.000109020832	1370
0.0053925	0.1	229.5	1	100000	0.5	-2.87	0	0.000108922825	1370
0.005355	0.1	234	1	100000	0.5	-2.87	0	0.000109021246	1370
0.005319	0.1	238.5	1	100000	0.5	-2.87	0	0.000108922809	1370
0.0052845	0.1	243	1	100000	0.5	-2.87	0	0.000108974808	1370
0.0052505	0.1	247.5	1	100000	0.5	-2.87	0	0.000109005704	1370
0.00522	0.1	252	1	100000	0.5	-2.87	0	0.000108997807	1370
0.0051935	0.1	256.5	1	100000	0.5	-2.87	0	0.000109005087	1370
0.005167	0.1	261	1	100000	0.5	-2.87	0	0.000108866692	1370
0.0051405	0.1	265.5	1	100000	0.5	-2.87	0	0.000108976345	1370
0.0051195	0.1	270	1	100000	0.5	-2.87	0	0.000108975217	1370
0.0051015	0.1	274.5	1	100000	0.5	-2.87	0	0.000108935607	1370
0.005087	0.1	279	1	100000	0.5	-2.87	0	0.000108891461	1370
0.0050755	0.1	283.5	1	100000	0.5	-2.87	0	0.000108931124	1370
0.0050675	0.1	288	1	100000	0.5	-2.87	0	0.000108980381	1370
0.005062	0.1	292.5	1	100000	0.5	-2.87	0	0.00010891212	1370
0.0050605	0.1	297	1	100000	0.5	-2.87	0	0.000108920879	1370
0.0050625	0.1	301.5	1	100000	0.5	-2.87	0	0.000108954535	1370
0.0050675	0.1	306	1	100000	0.5	-2.87	0	0.00010895129	1370
0.005076	0.1	310.5	1	100000	0.5	-2.87	0	0.000108994363	1370
0.005089	0.1	315	1	100000	0.5	-2.87	0	0.0001089631	1370
0.0051045	0.1	319.5	1	100000	0.5	-2.87	0	0.000108885556	1370
0.005122	0.1	324	1	100000	0.5	-2.87	0	0.000108911243	1370
0.005144	0.1	328.5	1	100000	0.5	-2.87	0	0.000109023715	1370
0.0051675	0.1	333	1	100000	0.5	-2.87	0	0.000109014897	1370
0.0051945	0.1	337.5	1	100000	0.5	-2.87	0	0.000109019389	1370
0.0052235	0.1	342	1	100000	0.5	-2.87	0	0.00010900696	1370
0.0052545	0.1	346.5	1	100000	0.5	-2.87	0	0.000108895312	1370
0.0052855	0.1	351	1	100000	0.5	-2.87	0	0.000109005186	1370
0.00532	0.1	355.5	1	100000	0.5	-2.87	0	0.0001089167	1370
0.005357	0.1	360	1	100000	0.5	-2.87	0	0.000108865771	1370

