# U_ac_out	U_osc_ref	Pha_ref	U_osc_dut	R_ref	V_DS	V_GS	V_DUT	I_D	FRQ
0.0004552	0	311.4	1	100000	0.5	-2.87	0	0.000109266851	1250
0.0004618	0.00125	311.4	1	100000	0.5	-2.87	0	0.000109267731	1250
0.0004578	0.0025	311.4	1	100000	0.5	-2.87	0	0.000109269164	1250
0.0004338	0.00375	311.4	1	100000	0.5	-2.87	0	0.000109266228	1250
0.0003854	0.005	311.4	1	100000	0.5	-2.87	0	0.000109263815	1250
0.000334	0.00625	311.4	1	100000	0.5	-2.87	0	0.000109264327	1250
0.0002876	0.0075	311.4	1	100000	0.5	-2.87	0	0.000109268128	1250
0.000249	0.00875	311.4	1	100000	0.5	-2.87	0	0.000109267461	1250
0.0002262	0.01	311.4	1	100000	0.5	-2.87	0	0.000109269921	1250
0.0002242	0.01125	311.4	1	100000	0.5	-2.87	0	0.000109269265	1250
0.0002426	0.0125	311.4	1	100000	0.5	-2.87	0	0.000109269562	1250
0.000279	0.01375	311.4	1	100000	0.5	-2.87	0	0.000109274815	1250
0.0003282	0.015	311.4	1	100000	0.5	-2.87	0	0.000109269923	1250
0.0003828	0.01625	311.4	1	100000	0.5	-2.87	0	0.000109271242	1250
0.0004392	0.0175	311.4	1	100000	0.5	-2.87	0	0.00010926815	1250
0.0004984	0.01875	311.4	1	100000	0.5	-2.87	0	0.000109267502	1250
0.0005604	0.02	311.4	1	100000	0.5	-2.87	0	0.000109266567	1250
0.0006242	0.02125	311.4	1	100000	0.5	-2.87	0	0.000109269494	1250
0.0006906	0.0225	311.4	1	100000	0.5	-2.87	0	0.000109271508	1250
0.00076	0.02375	311.4	1	100000	0.5	-2.87	0	0.00010926634	1250
0.0008286	0.025	311.4	1	100000	0.5	-2.87	0	0.000109268308	1250
0.0008936	0.02625	311.4	1	100000	0.5	-2.87	0	0.00010926917	1250
0.0009606	0.0275	311.4	1	100000	0.5	-2.87	0	0.000109267512	1250
0.0010282	0.02875	311.4	1	100000	0.5	-2.87	0	0.000109268161	1250
0.0010958	0.03	311.4	1	100000	0.5	-2.87	0	0.000109269694	1250
0.0011652	0.03125	311.4	1	100000	0.5	-2.87	0	0.000109270159	1250
0.0012342	0.0325	311.4	1	100000	0.5	-2.87	0	0.000109269091	1250
0.0013024	0.03375	311.4	1	100000	0.5	-2.87	0	0.000109269276	1250
0.0013734	0.035	311.4	1	100000	0.5	-2.87	0	0.000109271221	1250
0.0014424	0.03625	311.4	1	100000	0.5	-2.87	0	0.000109272304	1250
0.0015098	0.0375	311.4	1	100000	0.5	-2.87	0	0.000109270758	1250
0.0015784	0.03875	311.4	1	100000	0.5	-2.87	0	0.000109271636	1250
0.0016456	0.04	311.4	1	100000	0.5	-2.87	0	0.000109272053	1250
0.0017152	0.04125	311.4	1	100000	0.5	-2.87	0	0.000109269036	1250
0.0017862	0.0425	311.4	1	100000	0.5	-2.87	0	0.000109273384	1250
0.0018598	0.04375	311.4	1	100000	0.5	-2.87	0	0.000109271827	1250
0.0019276	0.045	311.4	1	100000	0.5	-2.87	0	0.00010927547	1250
0.0019962	0.04625	311.4	1	100000	0.5	-2.87	0	0.000109274151	1250
0.0020644	0.0475	311.4	1	100000	0.5	-2.87	0	0.000109272607	1250
0.0021318	0.04875	311.4	1	100000	0.5	-2.87	0	0.000109270123	1250
0.0022018	0.05	311.4	1	100000	0.5	-2.87	0	0.000109272175	1250
0.0022704	0.05125	311.4	1	100000	0.5	-2.87	0	0.000109273374	1250
0.0023422	0.0525	311.4	1	100000	0.5	-2.87	0	0.000109274717	1250
0.0024112	0.05375	311.4	1	100000	0.5	-2.87	0	0.000109275876	1250
0.0024808	0.055	311.4	1	100000	0.5	-2.87	0	0.000109276326	1250
0.0025484	0.05625	311.4	1	100000	0.5	-2.87	0	0.000109277668	1250
0.0026178	0.0575	311.4	1	100000	0.5	-2.87	0	0.000109275251	1250
0.0026874	0.05875	311.4	1	100000	0.5	-2.87	0	0.0001092766	1250
0.0027564	0.06	311.4	1	100000	0.5	-2.87	0	0.000109274558	1250
0.002827	0.06125	311.4	1	100000	0.5	-2.87	0	0.000109271342	1250
0.0028952	0.0625	311.4	1	100000	0.5	-2.87	0	0.000109273893	1250
0.0029658	0.06375	311.4	1	100000	0.5	-2.87	0	0.000109274699	1250
0.0030336	0.065	311.4	1	100000	0.5	-2.87	0	0.000109277954	1250
0.0031016	0.06625	311.4	1	100000	0.5	-2.87	0	0.000109278878	1250
0.0031706	0.0675	311.4	1	100000	0.5	-2.87	0	0.000109275664	1250
0.0032424	0.06875	311.4	1	100000	0.5	-2.87	0	0.000109274191	1250
0.0033162	0.07	311.4	1	100000	0.5	-2.87	0	0.000109281022	1250
0.0033858	0.07125	311.4	1	100000	0.5	-2.87	0	0.000109273956	1250
0.0034544	0.0725	311.4	1	100000	0.5	-2.87	0	0.000109275305	1250
0.0035218	0.07375	311.4	1	100000	0.5	-2.87	0	0.000109277765	1250
0.0035886	0.075	311.4	1	100000	0.5	-2.87	0	0.000109277267	1250
0.0036576	0.07625	311.4	1	100000	0.5	-2.87	0	0.00010927482	1250
0.0037288	0.0775	311.4	1	100000	0.5	-2.87	0	0.000109273325	1250
0.0038012	0.07875	311.4	1	100000	0.5	-2.87	0	0.000109275629	1250
0.003872	0.08	311.4	1	100000	0.5	-2.87	0	0.0001092781	1250
0.003941	0.08125	311.4	1	100000	0.5	-2.87	0	0.000109279807	1250
0.0040088	0.0825	311.4	1	100000	0.5	-2.87	0	0.000109281069	1250
0.0040768	0.08375	311.4	1	100000	0.5	-2.87	0	0.000109276424	1250
0.0041482	0.085	311.4	1	100000	0.5	-2.87	0	0.000109282323	1250
0.0042216	0.08625	311.4	1	100000	0.5	-2.87	0	0.000109282514	1250
0.0042914	0.0875	311.4	1	100000	0.5	-2.87	0	0.000109282632	1250
0.0043592	0.08875	311.4	1	100000	0.5	-2.87	0	0.000109284264	1250
0.0044278	0.09	311.4	1	100000	0.5	-2.87	0	0.000109283876	1250
0.0044956	0.09125	311.4	1	100000	0.5	-2.87	0	0.000109278644	1250
0.004568	0.0925	311.4	1	100000	0.5	-2.87	0	0.000109284433	1250
0.0046388	0.09375	311.4	1	100000	0.5	-2.87	0	0.000109284871	1250
0.0047072	0.095	311.4	1	100000	0.5	-2.87	0	0.000109284854	1250
0.004774	0.09625	311.4	1	100000	0.5	-2.87	0	0.000109278947	1250
0.0048432	0.0975	311.4	1	100000	0.5	-2.87	0	0.000109283585	1250
0.0049116	0.09875	311.4	1	100000	0.5	-2.87	0	0.00010928207	1250
0.0049796	0.1	311.4	1	100000	0.5	-2.87	0	0.000109291171	1250

